frequency
-97
-144
-121
-155
-191
-195
-173
-164
-159
-126
-155
-147
-145
-183
-193
-214
-186
-171
-230
-209
-198
-171
-160
-201
-190
-204
-192
-152
-169
-159
-134
-190
-141
-167
-146
-108
-207
-178
-175
-176
-191
-160
-162
-152
-141
-161
-117
-179
-165
-170
-199
-171
-176
-175
-177
-160
-157
-186
-199
-164
-198
-203
-160
-191
-168
-187
-195
-183
-222
-225
-204
-192
-207
-193
-194
-182
-153
-127
-124
-136
-128
-110
-121
-116
-110
-161
-163
-125
-95
-101
-142
-120
-80
-113
-99
-122
-116
-90
-135
-78
-92
-131
-117
-151
-149
-127
-125
-78
-89
-105
-77
-95
-98
-102
-93
-71
-57
-59
-74
-96
-92
-100
-77
-42
-39
-44
-81
-60
-47
-68
-47
-45
-42
-34
-21
10
-15
-39
-62
-60
-34
-75
-56
-41
-93
-70
-63
-68
-48
-80
-62
-67
-61
-72
-80
-83
-49
-56
-92
-42
-87
-54
-109
-91
-44
-98
-106
-120
-94
-74
-81
-82
-98
-108
-82
-98
-128
-137
-106
-125
-186
-150
-147
-169
-179
-194
-169
-199
-149
-149
-145
-198
-219
-193
-240
-178
-187
-202
-231
-231
-222
-217
-217
-235
-236
-276
-244
-228
-254
-252
-252
-291
-268
-244
-223
-196
-269
-219
-273
-298
-234
-264
-262
-251
-262
-255
-234
-245
-246
-268
-254
-250
-234
-239
-232
-251
-240
-229
-232
-204
-230
-226
-220
-206
-218
-212
-239
-237
-228
-242
-220
-202
-214
-233
-230
-220
-204
-216
-219
-239
-236
-216
-240
-222
-211
-254
-247
-202
-173
-168
-194
-207
-195
-186
-180
-206
-224
-233
-196
-194
-224
-233
-239
-238
-260
-215
-230
-232
-238
-264
-251
-262
-239
-242
-247
-234
-184
-205
-248
-231
-236
-209
-241
-214
-183
-175
-176
-172
-169
-189
-184
-216
-194
-224
-203
-176
-174
-157
-183
-187
-174
-191
-164
-157
-198
-177
-175
-193
-160
-179
-184
-169
-187
-131
-131
-172
-173
-213
-220
-176
-172
-156
-179
-162
-186
-206
-201
-193
-189
-187
-157
-172
-181
-218
-195
-186
-204
-213
-210
-187
-221
-229
-200
-204
-187
-198
-161
-167
-165
-149
-165
-158
-177
-185
-206
-171
-163
-146
-213
-199
-175
-214
-175
-212
-226
-206
-192
-153
-199
-219
-193
-222
-240
-221
-187
-179
-197
-237
-199
-225
-195
-206
-209
-196
-196
-181
-207
-189
-232
-225
-254
-270
-269
-253
-224
-241
-241
-260
-271
-271
-268
-286
-266
-277
-303
-288
-302
-323
-316
-300
-298
-269
-328
-331
-345
-355
-326
-309
-318
-337
-302
-328
-354
-330
-297
-312
-306
-317
-277
-285
-353
-330
-303
-285
-307
-357
-338
-353
-339
-325
-329
-345
-377
-363
-389
-378
-359
-342
-338
-354
-344
-363
-373
-416
-395
-382
-415
-348
-367
-383
-384
-378
-383
-379
-356
-314
-335
-372
-360
-374
-374
-400
-428
-455
-412
-390
-417
-433
-419
-423
-433
-440
-416
-393
-423
-416
-429
-434
-421
-415
-446
-432
-430
-430
-434
-455
-428
-472
-475
-486
-487
-472
-489
-471
-462
-504
-515
-461
-459
-478
-469
-470
-505
-512
-482
-533
-562
-544
-532
-518
-556
-526
-513
-527
-539
-552
-535
-537
-533
-527
-522
-549
-547
-547
-551
-552
-551
-542
-591
-544
-559
-618
-590
-578
-596
-603
-565
-573
-618
-587
-572
-595
-579
-585
-548
-571
-594
-568
-582
-571
-553
-594
-583
-565
-560
-528
-578
-587
-576
-601
-572
-572
-566
-551
-570
-567
-597
-599
-592
-594
-589
-582
-571
-577
-581
-588
-618
-605
-587
-604
-605
-564
-580
-590
-582
-586
-566
-577
-559
-575
-545
-537
-553
-561
-549
-573
-593
-565
-554
-537
-556
-556
-566
-559
-549
-543
-571
-580
-553
-537
-534
-536
-540
-555
-580
-578
-544
-561
-535
-564
-567
-553
-573
-554
-594
-580
-518
-516
-545
-513
-544
-537
-528
-554
-512
-528
-560
-529
-524
-549
-571
-582
-589
-590
-551
-565
-568
-574
-569
-596
-613
-617
-562
-540
-624
-585
-592
-602
-610
-616
-606
-586
-581
-596
-610
-626
-615
-648
-617
-631
-618
-618
-646
-633
-617
-613
-657
-654
-655
-683
-693
-664
-687
-688
-692
-718
-741
-734
-698
-731
-757
-718
-724
-752
-733
-747
-763
-772
-768
-769
-789
-812
-781
-821
-851
-846
-829
-811
-871
-863
-874
-884
-900
-933
-914
-918
-956
-932
-944
-958
-978
-956
-941
-973
-940
-947
-952
-969
-968
-1002
-1005
-1017
-1005
-998
-997
-977
-1025
-985
-994
-1000
-1038
-1028
-989
-1027
-1026
-1030
-1023
-1048
-1037
-1042
-1030
-1025
-1038
-1013
-1042
-1047
-1051
-1082
-1066
-1059
-1021
-1001
-1071
-1050
-1059
-1067
-1045
-1068
-1053
-1075
-1060
-1021
-1054
-1044
-1048
-1047
-1053
-1103
-1060
-1023
-1051
-1064
-1059
-1066
-1061
-1077
-1069
-1049
-1025
-1017
-1036
-1019
-1027
-1025
-1051
-1047
-1024
-1060
-1080
-1052
-1013
-1044
-1051
-1035
-1041
-1039
-1014
-1014
-1020
-1028
-1028
-1017
-1028
-1016
-988
-992
-999
-959
-1005
-1032
-1007
-1013
-1006
-997
-964
-940
-964
-970
-960
-970
-982
-965
-929
-917
-954
-922
-913
-911
-892
-932
-945
-926
-883
-891
-871
-863
-870
-902
-899
-882
-863
-835
-840
-817
-855
-846
-843
-856
-844
-830
-797
-794
-812
-825
-788
-798
-793
-778
-739
-710
-734
-712
-700
-724
-739
-744
-754
-711
-692
-692
-740
-732
-716
-751
-736
-732
-663
-637
-684
-681
-669
-671
-667
-673
-664
-677
-647
-635
-624
-630
-651
-643
-673
-633
-634
-615
-605
-645
-632
-627
-623
-627
-654
-662
-644
-644
-653
-612
-615
-629
-609
-605
-576
-579
-593
-612
-591
-585
-623
-630
-641
-646
-650
-630
-659
-639
-613
-646
-662
-669
-627
-637
-657
-676
-678
-683
-663
-662
-670
-666
-687
-679
-697
-706
-700
-687
-703
-708
-651
-634
-654
-654
-644
-642
-667
-639
-647
-647
-619
-652
-646
-638
-643
-650
-627
-619
-601
-605
-621
-592
-597
-592
-609
-604
-613
-635
-643
-620
-636
-648
-653
-715
-674
-649
-636
-645
-675
-660
-646
-694
-687
-676
-705
-689
-668
-649
-680
-652
-664
-671
-670
-688
-680
-671
-688
-696
-689
-678
-678
-710
-701
-697
-675
-655
-668
-658
-629
-676
-667
-636
-590
-605
-613
-606
-622
-628
-605
-584
-578
-590
-621
-567
-596
-574
-617
-585
-578
-607
-531
-554
-568
-532
-539
-531
-510
-528
-536
-512
-506
-540
-532
-538
-478
-492
-517
-529
-494
-444
-480
-467
-450
-470
-479
-431
-442
-410
-433
-431
-409
-451
-418
-448
-427
-420
-391
-392
-436
-424
-394
-400
-409
-387
-399
-381
-368
-337
-414
-394
-343
-352
-290
-302
-279
-267
-304
-301
-280
-264
-265
-260
-246
-252
-220
-227
-255
-247
-231
-240
-246
-213
-180
-140
-153
-147
-149
-169
-121
-118
-123
-69
-82
-65
-25
-59
-41
-8
3
6
24
36
7
36
40
16
28
30
72
50
47
67
42
55
36
7
7
-16
-2
45
37
48
38
18
42
30
6
14
45
69
40
54
62
36
48
41
42
78
46
50
110
68
56
72
27
17
72
84
62
79
60
29
55
90
125
137
112
126
137
100
108
110
122
107
117
103
71
112
137
106
79
78
109
140
106
120
101
108
107
107
105
110
101
104
79
63
95
47
90
71
71
104
91
48
47
67
50
58
42
16
51
71
44
61
33
46
26
47
69
65
44
34
41
11
48
16
-7
-3
16
-9
-11
31
-21
-29
-2
-20
1
-13
-3
-12
-49
-3
-46
-19
5
-27
-2
-33
-29
-51
-45
-43
-45
-18
-13
-20
-51
-53
-51
-55
-43
-35
-37
-17
-21
-14
-24
-4
-40
-74
-69
-44
-48
-17
-15
-39
-6
-42
-48
-87
-44
-19
-12
-21
-65
-60
-54
-79
-75
-71
-61
-20
-29
-31
-65
-59
-58
-94
-91
-76
-46
-14
-52
-83
-79
-86
-69
-87
-80
-74
-100
-74
-49
-68
-78
-105
-104
-96
-89
-78
-106
-101
-118
-100
-106
-119
-84
-87
-110
-102
-97
-95
-124
-141
-112
-140
-128
-101
-90
-92
-90
-103
-124
-115
-76
-90
-135
-100
-101
-124
-112
-87
-96
-96
-110
-97
-103
-113
-61
-66
-87
-101
-56
-22
-106
-119
-93
-77
-56
-68
-50
-87
-83
-62
-64
-55
-57
-45
-52
-58
-44
-31
-37
-52
-23
-59
-54
-17
-81
-61
-61
-96
-83
-80
-81
-99
-115
-97
-77
-70
-95
-97
-90
-79
-131
-106
-98
-95
-62
-81
-67
-158
-155
-118
-117
-113
-89
-79
-115
-146
-175
-145
-167
-163
-163
-203
-148
-140
-178
-150
-187
-257
-246
-232
-230
-210
-216
-219
-224
-233
-236
-290
-262
-256
-278
-247
-276
-245
-292
-320
-288
-321
-298
-297
-313
-316
-343
-365
-347
-350
-367
-381
-353
-375
-438
-397
-410
-447
-427
-426
-394
-380
-407
-387
-407
-452
-460
-457
-462
-477
-494
-502
-513
-532
-552
-530
-516
-533
-523
-541
-588
-573
-577
-565
-560
-602
-613
-650
-612
-626
-633
-648
-669
-664
-674
-652
-628
-644
-702
-683
-667
-675
-690
-703
-734
-719
-738
-754
-718
-731
-742
-743
-756
-745
-709
-722
-753
-750
-757
-786
-740
-761
-773
-775
-782
-756
-772
-768
-774
-760
-776
-758
-742
-762
-803
-829
-796
-817
-817
-831
-845
-789
-777
-756
-793
-805
-788
-827
-818
-794
-786
-771
-779
-796
-771
-783
-773
-797
-809
-786
-811
-797
-794
-790
-774
-803
-808
-783
-760
-748
-776
-795
-759
-721
-776
-783
-777
-796
-777
-743
-752
-795
-789
-813
-813
-775
-751
-758
-769
-768
-758
-789
-774
-804
-811
-772
-807
-757
-757
-726
-725
-746
-774
-774
-760
-714
-671
-705
-676
-695
-690
-720
-678
-671
-672
-629
-656
-646
-650
-645
-662
-639
-614
-583
-585
-604
-598
-594
-603
-630
-635
-636
-577
-574
-626
-604
-623
-646
-607
-602
-559
-540
-565
-551
-566
-582
-566
-565
-561
-558
-578
-567
-566
-520
-548
-579
-571
-573
-521
-528
-513
-479
-516
-527
-504
-537
-527
-546
-519
-479
-494
-509
-481
-507
-533
-529
-543
-518
-569
-547
-517
-515
-551
-522
-516
-542
-510
-520
-529
-529
-526
-556
-572
-542
-480
-507
-530
-468
-481
-508
-527
-546
-505
-532
-526
-520
-528
-541
-521
-515
-539
-512
-505
-474
-509
-505
-531
-554
-489
-528
-547
-518
-487
-491
-532
-515
-547
-576
-590
-607
-573
-552
-605
-597
-553
-556
-565
-571
-574
-572
-551
-589
-580
-614
-622
-621
-620
-596
-587
-572
-601
-613
-663
-642
-615
-625
-648
-637
-646
-635
-623
-667
-687
-699
-671
-684
-645
-609
-655
-657
-625
-668
-665
-653
-679
-706
-700
-698
-700
-686
-711
-688
-679
-683
-696
-670
-705
-696
-691
-700
-698
-686
-687
-683
-628
-638
-611
-661
-675
-672
-678
-657
-638
-649
-652
-655
-674
-673
-667
-684
-682
-676
-673
-631
-652
-650
-639
-619
-633
-633
-571
-545
-579
-610
-607
-604
-588
-615
-619
-592
-573
-543
-561
-557
-549
-576
-567
-573
-569
-551
-563
-521
-536
-542
-532
-528
-507
-496
-491
-508
-500
-533
-485
-509
-488
-488
-477
-412
-455
-449
-460
-432
-423
-390
-385
-418
-416
-380
-387
-396
-387
-410
-386
-378
-353
-330
-357
-378
-340
-336
-318
-339
-340
-325
-287
-268
-292
-286
-291
-310
-312
-267
-255
-226
-283
-265
-242
-255
-242
-218
-242
-236
-191
-212
-209
-229
-215
-243
-268
-264
-223
-195
-213
-169
-172
-175
-186
-212
-169
-183
-182
-147
-179
-190
-161
-197
-217
-175
-138
-157
-154
-128
-143
-113
-80
-113
-140
-144
-142
-103
-135
-146
-139
-121
-87
-118
-95
-101
-143
-149
-144
-147
-151
-140
-142
-137
-132
-149
-165
-162
-134
-153
-171
-149
-144
-152
-185
-160
-159
-161
-168
-192
-172
-198
-210
-206
-212
-234
-252
-236
-199
-243
-226
-181
-208
-230
-216
-223
-224
-207
-256
-230
-200
-174
-195
-229
-221
-221
-269
-275
-185
-216
-254
-217
-223
-231
-256
-241
-223
-184
-212
-243
-183
-158
-179
-245
-223
-253
-213
-219
-231
-240
-266
-246
-262
-261
-265
-234
-267
-261
-250
-288
-311
-332
-350
-316
-310
-292
-324
-293
-287
-329
-321
-342
-337
-342
-311
-326
-351
-341
-323
-332
-310
-331
-321
-317
-321
-281
-331
-310
-289
-322
-282
-298
-314
-275
-305
-298
-284
-328
-336
-321
-318
-272
-322
-342
-327
-344
-314
-326
-300
-326
-325
-297
-338
-321
-317
-359
-348
-339
-319
-292
-335
-339
-318
-358
-347
-333
-335
-328
-296
-267
-345
-346
-333
-353
-336
-333
-326
-316
-329
-311
-275
-304
-295
-304
-299
-312
-331
-299
-290
-261
-287
-274
-308
-288
-241
-240
-231
-264
-257
-281
-252
-271
-307
-298
-280
-266
-291
-307
-310
-291
-292
-277
-262
-249
-250
-283
-291
-283
-270
-290
-312
-282
-260
-257
-253
-270
-284
-277
-264
-277
-267
-266
-294
-289
-294
-295
-279
-277
-282
-272
-251
-234
-276
-282
-252
-234
-250
-278
-211
-218
-272
-239
-231
-259
-226
-192
-218
-215
-219
-215
-215
-208
-197
-234
-240
-231
-208
-223
-249
-198
-188
-207
-194
-201
-242
-261
-207
-225
-229
-202
-218
-230
-234
-228
-204
-179
-207
-234
-236
-198
-195
-190
-214
-246
-197
-204
-201
-173
-217
-228
-231
-264
-236
-215
-242
-233
-216
-251
-253
-257
-261
-242
-252
-276
-306
-299
-301
-330
-336
-319
-279
-269
-282
-317
-350
-334
-328
-330
-312
-308
-289
-302
-330
-326
-336
-317
-340
-366
-358
-338
-353
-388
-363
-350
-349
-348
-376
-362
-337
-327
-331
-306
-339
-372
-355
-378
-326
-328
-345
-323
-349
-367
-361
-368
-380
-371
-351
-374
-372
-375
-374
-409
-405
-380
-389
-357
-375
-378
-381
-429
-439
-413
-423
-400
-364
-360
-381
-393
-380
-379
-398
-380
-356
-325
-342
-353
-377
-373
-352
-382
-360
-370
-336
-321
-338
-346
-368
-350
-365
-366
-313
-327
-362
-367
-341
-309
-304
-306
-312
-320
-308
-308
-345
-325
-338
-388
-357
-347
-345
-323
-365
-385
-340
-331
-333
-315
-328
-312
-292
-284
-262
-291
-266
-251
-263
-210
-217
-219
-228
-235
-220
-220
-233
-238
-223
-224
-201
-174
-170
-189
-164
-167
-196
-186
-145
-135
-171
-132
-132
-155
-141
-178
-169
-127
-135
-122
-122
-136
-112
-148
-151
-77
-36
-55
-102
-68
-73
-82
-83
-61
-34
-45
-31
-27
-39
-50
0
-1
13
-5
13
67
27
33
55
32
66
83
37
44
55
33
40
40
0
13
11
38
68
52
14
-16
6
52
36
37
70
69
91
95
82
115
118
43
62
53
76
95
25
69
78
65
91
62
57
74
76
82
79
77
96
94
80
67
90
113
105
83
84
108
109
101
68
96
93
86
64
68
54
56
95
88
112
100
95
34
54
96
75
54
79
52
53
63
-7
14
5
9
13
10
2
6
12
25
21
-3
60
17
0
19
-22
16
-14
7
3
-59
-40
-46
-59
-44
-34
-82
-32
1
-34
-32
-45
-36
4
1
-30
-39
-64
-69
-56
-54
-14
4
-40
-60
-60
-78
-83
-44
-68
-89
-97
-113
-120
-77
-137
-168
-124
-179
-111
-114
-116
-135
-149
-137
-148
-159
-169
-137
-145
-152
-159
-131
-99
-139
-158
-115
-156
-125
-136
-170
-122
-152
-160
-161
-150
-149
-151
-154
-163
-143
-144
-138
-164
-142
-115
-112
-115
-151
-146
-172
-139
-164
-180
-204
-210
-165
-212
-184
-190
-206
-179
-190
-195
-184
-217
-205
-186
-178
-179
-174
-165
-149
-145
-136
-121
-129
-143
-165
-181
-196
-164
-157
-175
-195
-174
-163
-120
-129
-120
-137
-122
-108
-147
-124
-123
-121
-133
-108
-79
-68
-108
-103
-85
-78
-69
-72
-95
-71
-93
-78
-76
-105
-102
-119
-100
-99
-35
-48
-92
-90
-85
-75
-72
-77
-100
-99
-66
-89
-60
-68
-74
-41
-63
-47
-21
-20
-67
-52
-49
-49
-27
-52
-59
-64
-44
-27
-47
-33
-53
-74
-115
-106
-60
-80
-81
-82
-66
-70
-73
-61
-42
-41
-69
-51
-60
-65
-70
-37
-33
-47
5
-7
-8
-34
-15
-43
-32
-3
-34
0
-19
-21
-36
-20
-13
-36
-27
-20
-17
-31
-51
-32
-49
-40
-45
-73
-69
-98
-94
-76
-51
-87
-93
-106
-123
-125
-104
-88
-141
-122
-136
-158
-160
-159
-162
-201
-161
-152
-203
-201
-214
-225
-224
-202
-178
-198
-231
-215
-196
-190
-188
-223
-199
-230
-202
-176
-217
-202
-218
-233
-206
-192
-199
-151
-199
-235
-189
-180
-192
-207
-246
-232
-239
-206
-228
-267
-222
-287
-291
-256
-236
-244
-239
-259
-259
-257
-241
-252
-287
-278
-292
-274
-308
-271
-272
-307
-310
-351
-284
-289
-287
-278
-332
-318
-330
-314
-288
-314
-324
-311
-325
-322
-338
-348
-340
-320
-290
-305
-327
-336
-338
-332
-336
-353
-331
-322
-289
-276
-308
-300
-268
-301
-307
-267
-262
-233
-282
-264
-262
-266
-252
-274
-267
-287
-258
-260
-254
-253
-237
-246
-257
-242
-249
-230
-263
-265
-237
-278
-260
-252
-259
-237
-240
-218
-212
-192
-172
-197
-224
-190
-189
-185
-192
-208
-176
-183
-190
-171
-153
-174
-156
-168
-196
-202
-207
-191
-168
-137
-156
-156
-171
-195
-181
-158
-164
-191
-169
-141
-124
-163
-161
-126
-124
-98
-122
-128
-106
-121
-147
-126
-117
-102
-71
-67
-82
-71
-71
-76
-79
-80
-83
-76
-39
-54
1
-19
-65
-55
-74
-47
-23
-26
-35
-36
-14
2
-36
-27
-22
-33
-52
-35
16
-10
10
18
17
3
23
16
-20
4
40
49
8
28
21
38
37
-29
40
73
8
24
44
0
-1
28
20
26
36
33
18
40
10
19
13
11
69
54
33
6
-6
-1
50
13
-12
1
9
7
-39
-65
-53
-63
-44
-43
-29
6
-60
-31
-41
-26
-29
-72
-66
-55
-38
-52
-40
-63
-38
-29
-74
-56
-30
-35
-38
-53
-60
-68
-46
-58
-55
-63
-52
16
-31
-57
-82
-85
-109
-101
-90
-78
-58
-83
-91
-110
-102
-125
-119
-94
-124
-140
-135
-138
-138
-157
-178
-202
-158
-136
-186
-184
-205
-206
-185
-223
-201
-196
-192
-199
-208
-230
-225
-218
-243
-232
-229
-201
-276
-274
-240
-230
-224
-253
-272
-255
-249
-248
-266
-295
-264
-291
-282
-304
-332
-311
-327
-334
-293
-272
-296
-280
-265
-266
-265
-264
-258
-264
-281
-274
-262
-276
-271
-243
-252
-247
-239
-228
-201
-219
-221
-236
-179
-182
-202
-150
-184
-181
-192
-155
-125
-121
-140
-146
-149
-163
-112
-175
-204
-202
-178
-160
-208
-216
-224
-216
-209
-184
-163
-184
-185
-205
-227
-226
-241
-212
-209
-206
-195
-183
-211
-231
-208
-204
-217
-239
-206
-179
-179
-178
-170
-170
-186
-196
-191
-190
-168
-163
-174
-159
-152
-151
-132
-149
-136
-112
-133
-139
-114
-129
-149
-140
-154
-158
-170
-163
-179
-173
-163
-179
-139
-153
-129
-97
-130
-113
-121
-128
-114
-118
-108
-96
-100
-92
-112
-98
-96
-110
-131
-108
-102
-119
-93
-112
-78
-94
-125
-111
-90
-109
-100
-65
-70
-81
-92
-94
-93
-92
-78
-78
-97
-109
-111
-81
-87
-88
-92
-97
-97
-115
-118
-112
-110
-112
-137
-171
-143
-135
-184
-162
-152
-159
-151
-159
-177
-200
-184
-196
-214
-215
-228
-218
-212
-208
-167
-143
-157
-181
-184
-186
-171
-211
-217
-196
-204
-223
-245
-242
-236
-228
-245
-256
-266
-244
-295
-279
-258
-299
-281
-313
-336
-322
-301
-264
-269
-321
-324
-320
-348
-325
-313
-311
-309
-345
-338
-354
-351
-312
-356
-373
-363
-353
-359
-391
-374
-402
-448
-414
-416
-423
-390
-401
-381
-379
-367
-389
-383
-405
-444
-420
-441
-406
-427
-434
-413
-431
-418
-419
-430
-433
-416
-426
-419
-423
-454
-409
-396
-346
-380
-430
-423
-424
-441
-454
-373
-386
-420
-391
-377
-397
-357
-376
-407
-351
-326
-371
-380
-367
-364
-368
-371
-386
-414
-396
-385
-387
-420
-400
-413
-424
-406
-413
-372
-361
-392
-359
-377
-422
-434
-424
-381
-347
-370
-392
-414
-395
-336
-381
-377
-376
-367
-383
-400
-369
-392
-408
-403
-409
-379
-372
-417
-371
-345
-381
-365
-358
-392
-376
-348
-339
-387
-363
-321
-357
-327
-364
-352
-298
-289
-328
-367
-331
-326
-309
-313
-316
-301
-308
-323
-331
-313
-312
-328
-310
-269
-257
-277
-274
-259
-257
-277
-293
-314
-316
-288
-272
-265
-288
-299
-310
-313
-299
-274
-246
-231
-234
-282
-295
-278
-293
-297
-293
-304
-324
-316
-330
-287
-274
-306
-274
-268
-254
-321
-339
-318
-346
-334
-346
-344
-334
-323
-288
-289
-308
-318
-324
-332
-356
-357
-329
-359
-366
-368
-375
-359
-389
-367
-367
-358
-340
-339
-353
-382
-398
-419
-411
-386
-393
-418
-410
-398
-406
-411
-425
-444
-435
-451
-432
-441
-464
-467
-470
-494
-490
-421
-433
-447
-452
-463
-475
-471
-470
-468
-492
-480
-459
-485
-468
-481
-499
-519
-516
-509
-501
-523
-509
-480
-524
-509
-499
-502
-481
-485
-546
-567
-555
-522
-512
-514
-504
-488
-495
-521
-500
-501
-510
-525
-513
-502
-487
-524
-499
-484
-508
-503
-541
-564
-549
-511
-485
-510
-550
-538
-578
-578
-567
-567
-573
-558
-519
-545
-565
-589
-586
-605
-570
-517
-556
-536
-553
-552
-544
-541
-522
-566
-571
-545
-515
-527
-546
-524
-521
-514
-470
-460
-474
-518
-529
-498
-507
-504
-506
-499
-493
-493
-463
-488
-475
-472
-485
-470
-499
-448
-423
-462
-438
-433
-451
-433
-453
-457
-438
-438
-412
-403
-411
-407
-384
-396
-366
-364
-377
-359
-399
-361
-392
-405
-395
-379
-374
-361
-329
-384
-381
-384
-391
-400
-369
-352
-302
-315
-332
-318
-334
-304
-335
-334
-338
-306
-303
-343
-349
-348
-312
-341
-352
-326
-329
-320
-342
-348
-359
-320
-296
-299
-266
-276
-231
-266
-262
-250
-297
-284
-272
-217
-208
-255
-266
-223
-229
-251
-237
-234
-251
-210
-216
-242
-226
-240
-257
-244
-217
-207
-183
-204
-175
-179
-173
-177
-212
-175
-159
-153
-139
-149
-128
-131
-173
-164
-165
-131
-126
-169
-146
-105
-139
-150
-143
-125
-127
-107
-91
-104
-114
-129
-84
-110
-95
-114
-101
-106
-129
-75
-79
-100
-131
-118
-120
-65
-47
-98
-102
-54
-53
-91
-88
-76
-58
-66
-55
-56
-95
-75
-91
-90
-82
-58
-9
-50
-33
-65
-79
-55
-68
-14
-38
-73
-50
-49
-25
-24
-48
-75
-58
-77
-52
-38
-71
-70
-84
-58
-90
-67
-50
-85
-86
-84
-94
-72
-69
-78
-58
-81
-69
-92
-123
-95
-96
-100
-81
-57
-64
-71
-65
-62
-78
-74
-76
-74
-53
-61
-45
-56
-48
-54
-76
-63
-52
-35
-18
-79
-112
-85
-66
-47
-95
-80
-56
-85
-57
-46
-57
-39
-76
-85
-82
-59
-21
-32
-33
-35
-19
0
-35
-50
-11
-10
-20
-38
-23
-18
-4
-48
-57
-24
-30
-20
-46
-22
-33
-2
-15
-8
7
-19
13
1
2
-17
-12
8
-32
1
18
-41
8
-4
-27
-2
-7
-22
-35
-28
-13
-14
-37
-58
-62
-25
-2
-10
10
-28
-69
-27
-55
-56
-25
-57
-52
8
-17
-38
-8
-44
-37
-5
-55
-11
8
-22
-19
-27
-32
-46
-28
-53
-60
-78
-113
-75
-24
-30
-27
-49
-50
-10
-12
-41
-48
-20
-45
-30
-13
-36
-24
23
22
-23
1
-70
-76
-40
-35
15
-27
-33
-29
-38
-30
-43
-76
-82
-39
-19
-61
-52
-54
-64
-68
-47
-62
-66
-47
-71
-89
-73
-82
-105
-61
-112
-101
-86
-63
-44
-86
-97
-111
-151
-126
-95
-97
-116
-132
-99
-97
-115
-136
-134
-144
-121
-105
-100
-100
-110
-118
-118
-107
-92
-93
-98
-96
-84
-87
-91
-75
-72
-101
-118
-91
-121
-141
-147
-139
-159
-173
-139
-106
-163
-213
-157
-182
-226
-196
-200
-207
-190
-201
-198
-191
-178
-185
-208
-197
-171
-157
-178
-207
-175
-212
-206
-175
-214
-223
-219
-196
-233
-249
-219
-231
-251
-251
-253
-238
-269
-268
-282
-303
-300
-321
-314
-336
-309
-306
-319
-314
-332
-354
-369
-351
-296
-300
-329
-334
-329
-343
-334
-311
-361
-349
-355
-324
-292
-336
-327
-333
-374
-368
-352
-363
-364
-366
-364
-377
-403
-390
-375
-371
-362
-396
-422
-414
-400
-421
-434
-404
-393
-403
-468
-459
-449
-479
-480
-534
-503
-480
-466
-441
-466
-483
-465
-489
-492
-496
-504
-505
-526
-489
-497
-502
-493
-506
-512
-489
-488
-452
-500
-545
-545
-555
-554
-573
-508
-495
-533
-529
-496
-493
-533
-540
-531
-569
-527
-495
-543
-521
-523
-528
-537
-571
-549
-519
-512
-510
-511
-537
-520
-524
-527
-516
-530
-540
-554
-535
-539
-541
-536
-515
-526
-512
-528
-533
-506
-515
-500
-542
-545
-554
-516
-468
-499
-526
-518
-528
-514
-508
-521
-505
-552
-530
-497
-517
-518
-501
-508
-480
-476
-498
-484
-494
-497
-486
-455
-483
-511
-486
-457
-467
-465
-460
-486
-485
-500
-478
-479
-492
-508
-471
-454
-483
-441
-459
-441
-439
-476
-502
-494
-484
-467
-449
-481
-479
-476
-462
-444
-479
-497
-512
-490
-478
-478
-457
-518
-499
-486
-486
-489
-533
-514
-476
-469
-516
-518
-529
-539
-525
-534
-531
-533
-500
-552
-567
-575
-577
-535
-563
-534
-563
-550
-534
-564
-581
-574
-594
-614
-624
-641
-585
-597
-632
-594
-573
-602
-649
-624
-613
-635
-612
-619
-640
-650
-627
-653
-623
-606
-638
-653
-654
-628
-652
-660
-645
-670
-653
-640
-630
-664
-680
-650
-645
-630
-682
-636
-602
-613
-596
-603
-611
-612
-627
-625
-612
-612
-630
-652
-636
-626
-644
-634
-659
-636
-607
-649
-621
-628
-626
-626
-630
-646
-660
-616
-574
-624
-654
-661
-685
-644
-631
-635
-633
-644
-637
-649
-673
-662
-658
-672
-700
-685
-684
-715
-740
-724
-681
-741
-740
-661
-666
-681
-695
-684
-683
-663
-678
-677
-667
-713
-710
-709
-693
-701
-698
-683
-665
-649
-660
-695
-691
-690
-699
-697
-721
-739
-692
-668
-655
-674
-682
-645
-666
-647
-664
-643
-623
-642
-651
-635
-620
-621
-627
-643
-646
-655
-634
-656
-675
-638
-627
-648
-637
-635
-631
-635
-632
-603
-641
-636
-606
-583
-597
-570
-529
-559
-554
-565
-553
-551
-591
-597
-570
-592
-567
-558
-548
-535
-566
-512
-501
-510
-476
-508
-545
-514
-523
-521
-486
-470
-474
-500
-474
-472
-470
-480
-521
-498
-471
-448
-457
-454
-472
-471
-475
-456
-436
-457
-411
-439
-451
-419
-431
-428
-439
-444
-435
-432
-395
-424
-417
-397
-446
-415
-406
-384
-363
-402
-404
-392
-399
-376
-395
-395
-358
-389
-398
-428
-425
-417
-446
-439
-445
-428
-399
-427
-423
-389
-385
-422
-424
-396
-377
-367
-371
-363
-366
-347
-400
-396
-410
-448
-398
-404
-414
-427
-434
-430
-412
-418
-487
-491
-470
-465
-464
-476
-456
-471
-481
-477
-443
-476
-513
-473
-470
-492
-490
-499
-519
-491
-492
-458
-456
-501
-516
-544
-516
-496
-519
-531
-508
-502
-500
-522
-540
-517
-526
-523
-550
-547
-554
-552
-551
-531
-547
-542
-506
-541
-534
-543
-583
-573
-558
-578
-570
-560
-550
-539
-497
-522
-529
-558
-570
-543
-545
-558
-585
-548
-526
-541
-548
-561
-557
-541
-542
-533
-539
-524
-530
-532
-510
-498
-513
-496
-506
-542
-528
-535
-550
-531
-543
-544
-526
-571
-569
-539
-553
-550
-567
-554
-499
-533
-537
-541
-560
-556
-579
-580
-585
-538
-534
-561
-537
-569
-580
-562
-544
-518
-507
-513
-507
-542
-555
-534
-548
-534
-533
-543
-562
-549
-531
-549
-527
-523
-525
-494
-515
-522
-515
-519
-512
-538
-527
-518
-510
-497
-495
-514
-533
-500
-527
-559
-549
-490
-444
-495
-493
-448
-448
-467
-499
-478
-433
-452
-453
-473
-469
-429
-440
-480
-469
-429
-414
-420
-440
-420
-421
-415
-448
-426
-429
-426
-391
-438
-424
-422
-405
-422
-402
-387
-402
-391
-395
-373
-388
-367
-370
-389
-367
-381
-384
-386
-375
-369
-382
-391
-397
-372
-349
-364
-377
-335
-345
-323
-321
-314
-301
-332
-334
-343
-310
-319
-326
-311
-321
-342
-315
-327
-304
-250
-262
-279
-285
-277
-270
-262
-254
-266
-264
-227
-288
-269
-246
-243
-206
-208
-198
-220
-226
-234
-232
-257
-247
-228
-228
-231
-229
-264
-295
-300
-305
-272
-268
-271
-278
-252
-272
-298
-266
-255
-278
-235
-240
-305
-320
-317
-326
-326
-334
-311
-270
-332
-312
-321
-353
-314
-314
-309
-343
-360
-329
-349
-368
-345
-335
-366
-381
-383
-353
-380
-390
-381
-408
-380
-385
-383
-396
-410
-401
-396
-393
-395
-408
-421
-409
-378
-402
-397
-400
-417
-420
-423
-400
-429
-442
-389
-381
-425
-383
-398
-425
-429
-451
-407
-397
-411
-441
-427
-439
-442
-431
-453
-437
-443
-403
-423
-422
-440
-460
-454
-475
-436
-474
-472
-461
-471
-453
-444
-444
-448
-440
-409
-416
-424
-421
-451
-449
-438
-453
-431
-417
-436
-394
-424
-418
-429
-463
-433
-442
-417
-415
-434
-422
-427
-419
-395
-426
-400
-356
-380
-388
-358
-373
-397
-408
-412
-370
-328
-327
-341
-344
-367
-351
-361
-349
-342
-308
-285
-310
-291
-284
-251
-274
-282
-283
-245
-245
-290
-274
-243
-276
-282
-234
-193
-187
-221
-204
-227
-213
-209
-204
-186
-191
-183
-156
-174
-153
-142
-171
-169
-145
-103
-77
-125
-120
-83
-95
-61
-106
-96
-99
-82
-45
-78
-85
-38
-52
-41
-33
-60
-17
-31
-29
-33
-41
-17
-34
-20
-4
-29
-7
23
33
-9
9
4
-4
61
47
30
19
25
60
66
45
33
35
51
66
63
74
54
56
79
47
74
102
71
86
100
53
53
36
62
96
59
91
68
62
67
35
52
37
28
37
19
-14
8
29
22
15
17
5
23
22
7
-3
-53
-40
-93
-91
-64
-44
-70
-54
2
-24
-63
-38
-30
-55
-10
-32
-38
-42
-38
-34
-24
-65
-31
-13
-54
-44
-48
-54
-40
-54
-74
-37
-44
-26
-38
-63
-49
-67
-82
-79
-63
-40
-78
-120
-85
-77
-105
-102
-105
-126
-112
-92
-100
-107
-116
-125
-155
-133
-119
-112
-116
-84
-78
-123
-123
-144
-144
-146
-135
-156
-181
-171
-176
-193
-196
-210
-139
-156
-173
-157
-219
-214
-214
-227
-218
-198
-235
-208
-211
-217
-223
-244
-226
-245
-247
-226
-230
-242
-221
-261
-270
-286
-297
-297
-303
-259
-253
-287
-304
-332
-352
-307
-314
-281
-310
-367
-318
-308
-312
-332
-376
-335
-286
-325
-312
-321
-336
-317
-350
-322
-296
-281
-297
-318
-306
-314
-307
-282
-255
-314
-311
-303
-313
-327
-299
-314
-313
-265
-283
-264
-287
-277
-260
-261
-264
-272
-264
-264
-267
-267
-280
-263
-287
-291
-310
-312
-276
-268
-302
-317
-283
-304
-301
-312
-308
-314
-297
-295
-280
-328
-357
-317
-334
-339
-330
-303
-300
-282
-296
-293
-303
-295
-295
-291
-276
-292
-293
-281
-280
-307
-321
-319
-284
-270
-283
-285
-287
-254
-233
-248
-259
-279
-262
-259
-298
-291
-296
-332
-300
-287
-272
-232
-277
-292
-257
-285
-265
-292
-307
-281
-268
-266
-318
-299
-277
-272
-308
-279
-244
-245
-291
-286
-279
-293
-284
-304
-274
-292
-299
-291
-267
-279
-312
-298
-282
-300
-280
-273
-319
-311
-336
-337
-323
-342
-328
-362
-349
-310
-353
-352
-368
-367
-378
-404
-371
-409
-422
-407
-406
-442
-443
-455
-454
-412
-440
-446
-439
-446
-450
-458
-497
-484
-439
-476
-513
-500
-509
-501
-486
-471
-493
-515
-515
-509
-547
-546
-523
-563
-516
-538
-558
-520
-560
-576
-560
-553
-556
-613
-595
-574
-584
-581
-615
-624
-624
-641
-672
-651
-643
-633
-652
-646
-653
-674
-677
-672
-660
-709
-684
-712
-727
-707
-730
-729
-717
-716
-708
-707
-702
-693
-689
-691
-712
-723
-742
-744
-727
-718
-736
-712
-711
-730
-727
-731
-702
-668
-691
-732
-734
-712
-716
-722
-744
-746
-727
-718
-719
-699
-703
-748
-715
-758
-707
-658
-699
-673
-675
-700
-727
-735
-729
-718
-728
-707
-716
-730
-702
-738
-749
-691
-686
-693
-714
-696
-670
-718
-735
-744
-709
-717
-713
-703
-703
-680
-673
-665
-712
-701
-675
-628
-645
-703
-680
-667
-646
-666
-692
-693
-679
-668
-701
-656
-630
-678
-700
-673
-633
-633
-661
-658
-638
-621
-629
-638
-642
-596
-572
-553
-554
-574
-521
-563
-557
-556
-519
-503
-527
-518
-519
-545
-550
-532
-569
-545
-524
-496
-503
-501
-502
-503
-505
-488
-459
-451
-431
-475
-469
-461
-506
-476
-469
-503
-470
-429
-442
-461
-478
-504
-484
-480
-466
-445
-449
-416
-436
-446
-449
-469
-459
-432
-424
-433
-429
-452
-450
-449
-456
-492
-450
-418
-451
-454
-444
-444
-447
-437
-467
-471
-462
-458
-485
-466
-493
-510
-470
-457
-442
-449
-449
-474
-443
-458
-478
-489
-499
-470
-489
-482
-504
-489
-481
-478
-498
-495
-454
-445
-426
-474
-472
-434
-423
-445
-463
-474
-458
-485
-488
-466
-497
-511
-508
-505
-485
-467
-534
-520
-505
-553
-546
-540
-555
-571
-537
-495
-530
-557
-547
-546
-533
-520
-477
-439
-498
-524
-502
-516
-540
-523
-554
-553
-499
-497
-531
-547
-513
-562
-567
-553
-549
-522
-544
-549
-530
-577
-550
-534
-558
-540
-551
-543
-577
-572
-557
-548
-569
-580
-525
-530
-556
-538
-517
-514
-511
-504
-523
-521
-502
-467
-478
-516
-499
-505
-474
-478
-462
-446
-465
-439
-435
-436
-463
-482
-475
-474
-465
-450
-469
-489
-468
-474
-497
-465
-428
-425
-459
-481
-452
-468
-471
-473
-459
-458
-466
-451
-453
-425
-417
-441
-431
-394
-409
-394
-419
-456
-432
-418
-409
-420
-438
-440
-425
-412
-440
-427
-441
-467
-420
-421
-397
-373
-384
-421
-399
-385
-372
-387
-398
-400
-373
-328
-390
-369
-349
-337
-363
-357
-323
-320
-328
-344
-325
-365
-374
-349
-347
-334
-325
-300
-336
-328
-323
-345
-341
-359
-303
-294
-310
-311
-301
-292
-288
-298
-298
-286
-265
-240
-270
-286
-285
-284
-264
-288
-279
-265
-267
-274
-257
-252
-278
-275
-270
-239
-265
-265
-255
-274
-252
-239
-245
-224
-221
-216
-266
-249
-240
-258
-221
-231
-266
-279
-238
-233
-208
-241
-266
-262
-245
-235
-233
-201
-220
-235
-213
-227
-239
-244
-251
-243
-245
-240
-288
-276
-251
-264
-277
-260
-250
-262
-290
-278
-260
-278
-277
-301
-277
-298
-315
-306
-329
-320
-327
-350
-335
-349
-330
-314
-327
-347
-345
-357
-371
-389
-401
-374
-410
-415
-435
-442
-447
-477
-476
-463
-441
-419
-439
-467
-454
-426
-462
-447
-436
-464
-495
-446
-423
-441
-420
-454
-447
-471
-450
-440
-464
-459
-456
-459
-476
-493
-475
-492
-481
-457
-468
-497
-494
-500
-497
-492
-515
-497
-494
-505
-532
-535
-563
-580
-588
-574
-546
-530
-555
-569
-582
-586
-591
-575
-549
-551
-579
-579
-546
-590
-567
-549
-561
-576
-546
-543
-547
-520
-533
-561
-570
-540
-500
-498
-514
-506
-524
-533
-538
-541
-528
-518
-490
-488
-521
-501
-503
-503
-511
-508
-440
-431
-461
-464
-472
-445
-461
-484
-493
-467
-425
-440
-455
-475
-468
-481
-470
-446
-440
-451
-467
-476
-438
-408
-426
-433
-436
-398
-405
-446
-454
-452
-438
-452
-456
-421
-425
-426
-407
-414
-411
-406
-401
-415
-410
-385
-399
-368
-391
-407
-344
-374
-392
-357
-301
-277
-319
-316
-305
-337
-321
-299
-339
-297
-265
-306
-318
-295
-303
-311
-261
-271
-258
-253
-255
-258
-294
-290
-267
-253
-249
-240
-267
-241
-235
-242
-208
-224
-225
-211
-169
-176
-215
-200
-176
-179
-183
-173
-180
-175
-171
-164
-177
-166
-144
-161
-170
-167
-141
-125
-143
-147
-172
-190
-180
-189
-196
-208
-212
-181
-182
-195
-174
-188
-211
-213
-185
-157
-175
-198
-189
-179
-168
-170
-181
-163
-128
-150
-180
-157
-156
-167
-187
-189
-176
-152
-185
-208
-161
-189
-204
-200
-201
-217
-193
-178
-203
-210
-191
-217
-232
-198
-174
-158
-217
-229
-202
-182
-213
-210
-229
-231
-207
-211
-256
-258
-255
-266
-247
-267
-242
-228
-255
-271
-206
-236
-233
-249
-270
-261
-259
-247
-255
-254
-278
-306
-316
-306
-268
-230
-285
-307
-313
-298
-288
-293
-305
-315
-302
-280
-304
-325
-322
-349
-329
-345
-309
-294
-313
-308
-327
-318
-339
-316
-365
-377
-355
-352
-350
-359
-337
-363
-365
-398
-382
-321
-368
-407
-375
-389
-410
-397
-418
-423
-405
-427
-398
-390
-374
-411
-434
-389
-379
-365
-426
-447
-414
-432
-407
-402
-422
-427
-423
-394
-432
-386
-379
-397
-383
-384
-362
-347
-361
-365
-358
-347
-355
-383
-342
-329
-330
-355
-366
-368
-365
-375
-381
-406
-365
-308
-348
-349
-340
-333
-343
-335
-313
-315
-326
-288
-312
-325
-311
-333
-316
-311
-301
-287
-335
-354
-315
-329
-326
-324
-352
-371
-325
-325
-347
-339
-351
-364
-351
-347
-325
-308
-308
-335
-356
-334
-349
-325
-349
-306
-277
-305
-294
-289
-286
-315
-329
-290
-273
-279
-293
-252
-265
-277
-244
-269
-264
-259
-251
-251
-243
-246
-232
-273
-268
-226
-215
-190
-206
-237
-225
-242
-252
-233
-237
-227
-240
-231
-248
-229
-222
-247
-257
-253
-170
-164
-209
-208
-216
-242
-244
-206
-228
-250
-219
-197
-222
-251
-237
-238
-204
-191
-167
-156
-227
-210
-194
-237
-245
-209
-221
-255
-254
-242
-256
-279
-263
-262
-276
-311
-281
-285
-299
-312
-328
-293
-311
-329
-333
-338
-328
-313
-316
-323
-325
-296
-310
-298
-295
-311
-331
-351
-322
-346
-352
-365
-380
-385
-328
-328
-372
-362
-400
-406
-397
-417
-407
-408
-435
-413
-403
-434
-439
-426
-419
-445
-451
-413
-460
-471
-432
-475
-495
-461
-437
-417
-406
-423
-431
-443
-425
-418
-433
-413
-435
-416
-438
-431
-416
-445
-428
-458
-413
-371
-402
-429
-422
-448
-441
-417
-435
-454
-468
-469
-496
-466
-464
-512
-492
-518
-541
-508
-511
-504
-516
-538
-522
-540
-531
-514
-528
-473
-510
-517
-483
-539
-520
-541
-512
-473
-544
-496
-495
-493
-479
-499
-486
-501
-466
-438
-470
-497
-461
-454
-470
-471
-441
-438
-448
-456
-469
-473
-439
-446
-466
-447
-413
-382
-438
-463
-462
-414
-425
-427
-377
-427
-437
-418
-402
-407
-399
-381
-379
-364
-321
-337
-401
-364
-377
-412
-402
-370
-361
-334
-342
-374
-359
-346
-342
-335
-330
-348
-359
-326
-309
-345
-315
-378
-381
-334
-311
-307
-301
-285
-311
-308
-283
-295
-303
-266
-276
-265
-284
-310
-277
-264
-294
-251
-246
-234
-265
-279
-236
-215
-247
-258
-253
-279
-246
-260
-253
-273
-282
-271
-248
-250
-221
-206
-223
-222
-231
-224
-209
-233
-219
-203
-230
-211
-206
-232
-223
-225
-233
-218
-207
-184
-254
-212
-184
-200
-203
-191
-169
-193
-209
-191
-199
-193
-193
-213
-168
-222
-193
-171
-186
-186
-170
-160
-174
-190
-205
-209
-230
-209
-223
-244
-225
-217
-241
-229
-191
-200
-245
-210
-244
-283
-280
-312
-290
-317
-296
-304
-346
-357
-367
-359
-339
-328
-329
-323
-355
-352
-347
-364
-381
-371
-372
-389
-346
-358
-369
-363
-368
-374
-352
-347
-370
-325
-366
-356
-352
-380
-347
-376
-384
-356
-379
-379
-378
-405
-399
-409
-425
-439
-366
-366
-397
-399
-426
-415
-408
-414
-396
-390
-387
-362
-403
-410
-392
-397
-415
-429
-405
-405
-443
-461
-436
-446
-480
-460
-426
-397
-402
-390
-433
-441
-425
-436
-420
-429
-402
-419
-426
-410
-411
-449
-447
-439
-449
-437
-429
-439
-442
-425
-422
-453
-444
-431
-421
-405
-432
-431
-416
-367
-406
-418
-418
-486
-421
-389
-426
-422
-470
-487
-493
-476
-440
-431
-434
-423
-427
-455
-431
-440
-463
-476
-460
-446
-452
-443
-455
-504
-500
-485
-478
-459
-468
-476
-446
-461
-472
-486
-508
-476
-486
-455
-469
-469
-492
-512
-491
-502
-476
-475
-496
-488
-452
-444
-444
-457
-458
-422
-428
-447
-431
-428
-424
-429
-397
-435
-410
-378
-382
-369
-414
-388
-383
-364
-387
-359
-321
-365
-380
-349
-348
-351
-358
-355
-323
-322
-328
-363
-373
-379
-334
-354
-379
-353
-375
-360
-318
-316
-336
-346
-351
-330
-320
-307
-299
-293
-311
-336
-343
-356
-327
-332
-307
-300
-332
-321
-326
-329
-328
-350
-343
-312
-331
-342
-317
-317
-335
-307
-324
-318
-308
-306
-308
-331
-326
-339
-355
-342
-300
-313
-331
-345
-334
-347
-339
-333
-345
-346
-355
-349
-362
-355
-367
-372
-416
-418
-369
-382
-406
-413
-425
-385
-353
-404
-392
-409
-409
-383
-397
-399
-410
-452
-454
-441
-424
-397
-436
-437
-431
-439
-450
-421
-441
-446
-430
-444
-465
-486
-426
-446
-466
-449
-431
-439
-489
-447
-449
-440
-472
-508
-476
-514
-514
-533
-530
-535
-541
-573
-581
-526
-550
-540
-547
-595
-587
-596
-601
-592
-577
-588
-596
-563
-589
-595
-574
-565
-589
-610
-569
-570
-600
-614
-636
-622
-597
-606
-636
-622
-642
-657
-662
-617
-607
-674
-654
-670
-608
-580
-640
-623
-582
-582
-607
-617
-622
-633
-613
-548
-567
-584
-577
-608
-608
-610
-574
-567
-613
-630
-628
-630
-633
-629
-645
-634
-604
-606
-615
-613
-623
-653
-639
-617
-606
-572
-577
-550
-549
-543
-544
-551
-546
-567
-548
-560
-553
-552
-546
-544
-574
-566
-526
-529
-549
-536
-535
-516
-522
-546
-508
-491
-475
-468
-470
-459
-465
-468
-498
-468
-436
-421
-457
-455
-384
-433
-411
-420
-452
-440
-418
-387
-388
-384
-387
-388
-382
-371
-354
-356
-363
-346
-320
-329
-357
-334
-361
-349
-324
-295
-345
-348
-321
-332
-326
-330
-260
-268
-294
-282
-271
-262
-234
-237
-239
-271
-253
-242
-267
-266
-274
-286
-299
-285
-277
-228
-263
-287
-267
-300
-288
-269
-241
-239
-265
-241
-258
-271
-235
-242
-250
-256
-223
-191
-246
-221
-187
-210
-204
-227
-223
-203
-196
-152
-164
-176
-190
-207
-199
-220
-199
-169
-174
-187
-188
-200
-192
-215
-209
-197
-146
-131
-200
-193
-181
-194
-197
-173
-166
-163
-216
-186
-151
-163
-159
-176
-177
-181
-150
-126
-139
-129
-113
-138
-144
-172
-132
-96
-143
-143
-153
-173
-131
-106
-132
-145
-155
-147
-154
-161
-147
-172
-186
-178
-137
-117
-154
-200
-183
-155
-195
-209
-181
-206
-210
-173
-198
-201
-212
-268
-257
-210
-213
-204
-221
-205
-221
-225
-197
-235
-207
-220
-192
-191
-236
-211
-212
-198
-198
-217
-212
-180
-212
-247
-224
-220
-222
-217
-220
-221
-205
-194
-235
-228
-236
-250
-249
-279
-189
-177
-196
-222
-211
-226
-224
-212
-235
-206
-224
-188
-206
-212
-188
-205
-204
-210
-156
-127
-180
-162
-172
-196
-173
-153
-179
-167
-143
-143
-173
-155
-122
-168
-179
-184
-131
-128
-149
-160
-143
-155
-154
-138
-165
-136
-116
-117
-131
-151
-164
-145
-157
-172
-115
-101
-138
-128
-114
-125
-118
-133
-117
-137
-119
-78
-133
-108
-118
-100
-97
-104
-98
-102
-142
-127
-82
-108
-111
-120
-74
-66
-63
-31
-65
-62
-40
-89
-68
-69
-36
-28
-40
-56
-78
-21
1
-15
-4
8
-5
7
-15
-24
-19
-41
-46
-22
-4
4
17
2
-7
4
0
10
-11
-6
4
-1
-3
26
14
-6
-1
-34
-11
41
40
24
32
40
40
30
26
36
63
55
38
43
73
39
36
59
59
73
69
62
41
52
48
-12
20
66
46
34
20
36
35
63
44
39
78
70
46
37
62
56
23
41
10
5
27
15
9
-35
-11
-16
-25
-12
-6
0
-38
-65
-48
-69
-49
-20
-69
-94
-65
-56
-44
17
-45
-76
-55
-65
-40
-48
-75
-106
-45
-50
-73
-64
-118
-103
-110
-98
-122
-140
-90
-114
-141
-151
-133
-75
-143
-161
-141
-148
-139
-147
-145
-167
-142
-138
-144
-140
-138
-176
-198
-153
-121
-122
-173
-148
-99
-115
-141
-162
-140
-136
-106
-133
-102
-98
-134
-120
-129
-96
-126
-117
-138
-150
-127
-140
-128
-119
-153
-135
-131
-125
-132
-133
-145
-164
-136
-154
-92
-109
-133
-126
-129
-143
-132
-126
-134
-115
-116
-103
-145
-143
-141
-151
-130
-114
-85
-62
-104
-67
-46
-53
-66
-89
-93
-93
-63
-70
-66
-82
-105
-133
-91
-96
-71
-70
-76
-41
-79
-68
-63
-51
-80
-113
-118
-100
-79
-78
-67
-109
-89
-84
-54
11
-48
-74
-73
-58
-79
-98
-82
-63
-91
-73
-54
-80
-42
-67
-94
-49
-44
-39
-34
-36
-7
-33
-42
-37
-46
-36
-25
-48
-23
2
-11
-29
-64
-73
-30
1
-15
-23
-40
-49
-19
-50
-76
-56
-65
-59
-72
-78
-105
-112
-100
-73
-48
-48
-59
-83
-62
-75
-93
-68
-63
-104
-72
-31
-52
-75
-91
-122
-118
-75
-99
-49
-86
-131
-101
-169
-129
-121
-152
-105
-132
-140
-157
-155
-154
-176
-162
-182
-180
-155
-185
-199
-191
-189
-226
-212
-175
-226
-228
-234
-223
-216
-226
-238
-237
-273
-226
-228
-264
-218
-251
-268
-260
-237
-254
-260
-260
-248
-277
-320
-325
-323
-310
-334
-282
-244
-339
-367
-332
-331
-331
-345
-376
-379
-328
-360
-363
-397
-390
-335
-439
-377
-343
-343
-362
-372
-365
-421
-394
-396
-431
-438
-365
-394
-428
-421
-451
-454
-465
-447
-428
-406
-406
-441
-449
-501
-506
-477
-528
-496
-491
-513
-499
-529
-489
-472
-531
-511
-490
-516
-448
-502
-545
-504
-525
-516
-549
-556
-549
-510
-535
-550
-490
-522
-546
-488
-483
-495
-501
-546
-527
-521
-510
-525
-559
-539
-532
-532
-527
-545
-564
-593
-564
-543
-576
-571
-599
-596
-572
-565
-609
-623
-598
-605
-591
-584
-617
-612
-586
-650
-649
-648
-609
-581
-661
-637
-639
-666
-649
-621
-660
-679
-670
-650
-631
-663
-647
-662
-673
-676
-653
-645
-658
-669
-643
-645
-683
-648
-663
-665
-658
-655
-655
-648
-652
-646
-640
-695
-633
-628
-638
-623
-659
-650
-645
-654
-675
-659
-647
-623
-619
-623
-601
-657
-665
-617
-598
-559
-609
-597
-602
-606
-624
-612
-549
-613
-523
-546
-593
-589
-574
-564
-581
-562
-548
-512
-577
-578
-543
-546
-566
-542
-549
-534
-492
-516
-539
-517
-503
-547
-524
-496
-452
-520
-558
-494
-489
-492
-491
-492
-484
-476
-484
-474
-478
-436
-435
-477
-515
-477
-456
-462
-473
-500
-490
-485
-475
-474
-468
-499
-508
-497
-499
-487
-483
-534
-507
-511
-486
-490
-525
-484
-471
-485
-489
-486
-543
-510
-487
-470
-483
-519
-536
-545
-529
-533
-512
-502
-536
-522
-532
-545
-501
-532
-540
-528
-534
-534
-521
-534
-515
-515
-536
-542
-544
-509
-535
-565
-560
-583
-568
-547
-567
-559
-572
-547
-586
-595
-577
-583
-571
-623
-558
-564
-624
-584
-577
-602
-609
-633
-602
-596
-610
-551
-590
-602
-580
-653
-629
-622
-583
-551
-604
-568
-596
-609
-591
-581
-595
-606
-596
-602
-581
-594
-586
-580
-584
-569
-574
-589
-628
-601
-584
-609
-611
-631
-618
-613
-614
-595
-620
-625
-623
-633
-615
-633
-623
-636
-659
-643
-630
-635
-640
-618
-655
-664
-643
-626
-624
-625
-622
-632
-642
-640
-600
-606
-636
-645
-627
-642
-622
-614
-634
-624
-611
-566
-561
-618
-622
-595
-615
-638
-622
-579
-628
-598
-591
-608
-591
-619
-614
-607
-574
-575
-596
-580
-575
-604
-600
-560
-521
-542
-550
-550
-560
-559
-575
-550
-522
-528
-557
-525
-563
-559
-540
-546
-536
-583
-536
-526
-536
-551
-528
-554
-565
-540
-565
-565
-549
-532
-540
-517
-510
-513
-530
-533
-492
-464
-484
-483
-481
-475
-449
-450
-471
-485
-453
-460
-473
-461
-479
-479
-466
-462
-459
-414
-464
-466
-431
-466
-440
-457
-445
-455
-435
-419
-461
-444
-420
-416
-420
-445
-414
-388
-426
-408
-426
-434
-411
-429
-420
-416
-408
-371
-371
-389
-398
-405
-343
-347
-373
-322
-366
-340
-342
-382
-370
-369
-350
-361
-347
-340
-370
-389
-358
-357
-339
-367
-343
-335
-352
-316
-352
-336
-310
-301
-335
-323
-336
-363
-320
-293
-278
-327
-364
-303
-316
-336
-297
-301
-296
-320
-320
-307
-324
-277
-256
-271
-281
-296
-290
-308
-302
-309
-301
-306
-328
-312
-339
-322
-327
-348
-351
-350
-300
-316
-343
-358
-356
-389
-405
-403
-384
-359
-415
-410
-397
-417
-414
-406
-409
-395
-394
-413
-443
-416
-424
-445
-428
-454
-426
-414
-463
-458
-441
-467
-460
-478
-480
-476
-469
-463
-506
-496
-497
-544
-541
-524
-517
-471
-488
-490
-498
-526
-508
-512
-515
-507
-512
-527
-520
-530
-521
-565
-568
-562
-556
-567
-548
-522
-531
-518
-536
-528
-535
-519
-525
-530
-565
-553
-529
-554
-565
-543
-528
-534
-535
-513
-512
-555
-524
-518
-523
-505
-489
-495
-503
-479
-515
-500
-465
-496
-469
-447
-486
-506
-480
-489
-506
-498
-509
-513
-470
-487
-509
-468
-475
-509
-516
-508
-512
-479
-468
-478
-488
-508
-511
-515
-479
-480
-505
-500
-487
-485
-489
-464
-468
-492
-429
-440
-502
-450
-447
-432
-457
-449
-422
-439
-414
-391
-380
-394
-390
-373
-375
-418
-355
-348
-394
-378
-360
-354
-379
-393
-371
-351
-349
-339
-371
-326
-329
-358
-352
-351
-289
-312
-354
-340
-358
-328
-315
-364
-354
-327
-323
-301
-359
-380
-329
-362
-367
-361
-355
-314
-311
-347
-349
-346
-344
-319
-332
-365
-334
-335
-346
-333
-353
-355
-357
-345
-324
-347
-387
-397
-314
-333
-356
-369
-372
-327
-347
-321
-306
-312
-338
-343
-370
-355
-361
-330
-329
-356
-359
-358
-315
-351
-364
-398
-381
-331
-385
-382
-369
-415
-392
-381
-396
-398
-403
-423
-436
-423
-426
-478
-485
-479
-487
-448
-455
-484
-449
-485
-533
-494
-474
-475
-484
-489
-492
-498
-488
-479
-507
-529
-506
-500
-544
-516
-502
-590
-607
-551
-543
-535
-562
-587
-578
-609
-628
-581
-639
-635
-599
-613
-571
-603
-606
-628
-630
-647
-586
-553
-573
-584
-566
-578
-625
-599
-604
-587
-573
-588
-601
-571
-626
-590
-607
-627
-594
-589
-616
-661
-617
-620
-637
-652
-629
-665
-636
-617
-612
-636
-644
-631
-644
-632
-627
-604
-601
-662
-675
-622
-639
-611
-617
-608
-617
-617
-636
-632
-641
-641
-668
-672
-621
-652
-662
-685
-658
-642
-640
-674
-679
-675
-692
-668
-681
-707
-718
-714
-686
-666
-661
-664
-698
-657
-662
-667
-607
-669
-695
-670
-632
-643
-653
-664
-635
-624
-627
-617
-618
-571
-596
-607
-565
-549
-565
-541
-559
-549
-548
-528
-560
-570
-520
-547
-536
-526
-502
-500
-486
-487
-508
-508
-497
-505
-485
-487
-472
-440
-484
-467
-448
-462
-419
-435
-438
-363
-424
-453
-434
-403
-388
-381
-388
-410
-400
-405
-412
-390
-380
-415
-374
-377
-352
-338
-386
-408
-402
-394
-390
-381
-381
-387
-368
-328
-358
-352
-354
-365
-355
-361
-349
-361
-376
-375
-349
-322
-337
-392
-407
-370
-318
-316
-344
-360
-384
-390
-434
-396
-355
-364
-385
-386
-369
-367
-359
-372
-364
-377
-366
-364
-371
-367
-338
-381
-392
-356
-395
-358
-391
-401
-365
-426
-387
-397
-387
-394
-413
-392
-412
-402
-417
-401
-416
-401
-405
-369
-375
-432
-423
-422
-416
-424
-447
-429
-397
-406
-432
-451
-427
-440
-436
-444
-419
-404
-429
-421
-416
-433
-414
-400
-422
-413
-419
-414
-411
-415
-404
-427
-459
-417
-408
-412
-397
-377
-397
-440
-420
-432
-423
-416
-419
-414
-441
-431
-431
-432
-419
-436
-435
-401
-432
-428
-409
-424
-427
-450
-440
-442
-417
-439
-450
-442
-420
-446
-481
-443
-452
-416
-459
-469
-452
-475
-471
-471
-436
-491
-514
-477
-478
-469
-482
-487
-464
-485
-456
-471
-514
-492
-467
-444
-488
-492
-501
-489
-465
-435
-468
-464
-470
-526
-488
-493
-476
-438
-451
-461
-452
-487
-458
-486
-479
-444
-483
-452
-449
-478
-496
-520
-476
-461
-476
-436
-474
-478
-497
-499
-507
-506
-489
-498
-466
-451
-444
-468
-476
-477
-473
-483
-482
-463
-456
-455
-472
-466
-446
-452
-424
-420
-421
-402
-427
-394
-380
-407
-409
-400
-389
-405
-414
-418
-393
-410
-431
-425
-407
-421
-437
-407
-450
-448
-458
-481
-479
-469
-434
-409
-415
-415
-416
-430
-432
-437
-431
-416
-390
-377
-393
-405
-407
-429
-447
-456
-399
-398
-422
-435
-437
-419
-440
-408
-401
-439
-430
-379
-405
-411
-408
-456
-436
-432
-413
-372
-405
-426
-426
-420
-393
-413
-450
-422
-400
-414
-443
-421
-382
-410
-417
-426
-434
-421
-447
-484
-453
-440
-441
-473
-459
-443
-451
-415
-460
-458
-425
-460
-479
-449
-430
-438
-492
-486
-462
-466
-468
-478
-496
-512
-473
-453
-473
-484
-481
-477
-487
-449
-449
-454
-464
-499
-454
-491
-507
-509
-495
-495
-496
-496
-529
-514
-511
-529
-564
-553
-506
-477
-508
-544
-529
-517
-529
-510
-550
-544
-530
-527
-538
-570
-543
-582
-551
-558
-532
-541
-569
-549
-577
-544
-592
-598
-599
-590
-605
-602
-650
-690
-687
-680
-653
-698
-664
-693
-681
-646
-627
-643
-664
-657
-671
-675
-675
-664
-657
-705
-716
-700
-727
-712
-680
-664
-713
-729
-740
-736
-752
-731
-694
-712
-706
-726
-721
-683
-714
-717
-675
-665
-664
-662
-646
-650
-609
-631
-654
-650
-685
-655
-649
-647
-690
-694
-661
-655
-645
-658
-629
-662
-676
-675
-677
-662
-661
-678
-671
-658
-664
-643
-667
-637
-644
-664
-629
-648
-638
-625
-688
-652
-643
-649
-624
-637
-652
-688
-682
-664
-658
-671
-685
-691
-686
-696
-652
-622
-660
-653
-623
-643
-638
-663
-656
-642
-622
-612
-650
-640
-641
-628
-625
-602
-588
-577
-606
-610
-606
-632
-617
-596
-611
-623
-611
-602
-569
-544
-536
-511
-517
-510
-501
-475
-483
-522
-488
-490
-472
-459
-460
-475
-468
-410
-425
-456
-430
-429
-439
-472
-482
-475
-451
-455
-444
-439
-444
-422
-429
-419
-430
-455
-454
-403
-423
-442
-449
-460
-409
-375
-437
-384
-407
-424
-386
-432
-401
-432
-443
-422
-410
-405
-442
-415
-396
-454
-387
-394
-403
-407
-439
-422
-415
-439
-447
-503
-478
-396
-522
-510
-479
-479
-449
-483
-482
-424
-498
-514
-454
-513
-512
-514
-515
-508
-501
-485
-515
-519
-507
-570
-558
-530
-503
-510
-554
-553
-539
-525
-513
-512
-564
-573
-545
-520
-562
-558
-584
-625
-578
-587
-652
-524
-576
-623
-625
-688
-590
-637
-627
-666
-626
-591
-620
-645
-585
-627
-657
-605
-623
-586
-681
-653
-625
-653
-669
-651
-654
-669
-646
-676
-648
-671
-674
-706
-710
-705
-696
-640
-717
-727
-690
-766
-703
-687
-712
-679
-797
-653
-696
-788
-708
-720
-726
-707
-689
-644
-691
-748
-616
-699
-702
-680
-671
-684
-707
-685
-721
-710
-695
-684
-718
-718
-669
-647
-736
-714
-667
-686
-684
-694
-675
-683
-763
-660
-643
-714
-646
-721
-715
-731
-715
-648
-649
-681
-703
-730
-734
-670
-681
-701
-689
-632
-696
-658
-662
-675
-642
-666
-598
-597
-603
-602
-573
-611
-593
-626
-608
-587
-585
-597
-588
-580
-572
-518
-549
-553
-567
-475
-556
-544
-545
-521
-487
-461
-475
-540
-457
-486
-428
-470
-447
-449
-507
-417
-382
-399
-439
-437
-430
-436
-422
-394
-379
-389
-388
-392
-356
-345
-374
-346
-329
-352
-309
-318
-331
-297
-308
-269
-316
-335
-317
-318
-276
-251
-246
-310
-327
-280
-277
-272
-245
-240
-239
-246
-247
-251
-247
-222
-169
-201
-240
-170
-199
-168
-204
-234
-207
-244
-201
-166
-166
-234
-161
-182
-191
-164
-186
-172
-190
-125
-158
-173
-185
-186
-140
-190
-184
-118
-173
-166
-103
-114
-153
-136
-130
-139
-147
-107
-104
-189
-129
-133
-129
-133
-106
-87
-117
-115
-106
-113
-122
-120
-105
-84
-114
-83
-168
-158
-125
-124
-134
-166
-120
-91
-146
-208
-145
-150
-164
-162
-183
-195
-179
-163
-173
-184
-176
-210
-205
-158
-147
-142
-178
-221
-156
-165
-185
-160
-197
-209
-198
-158
-214
-217
-216
-197
-186
-230
-178
-161
-215
-243
-164
-166
-169
-198
-235
-179
-171
-188
-214
-216
-208
-207
-232
-214
-204
-162
-201
-174
-195
-234
-210
-231
-201
-212
-203
-216
-217
-228
-209
-216
-239
-257
-217
-204
-203
-213
-232
-238
-214
-193
-239
-210
-142
-205
-164
-141
-204
-164
-222
-214
-180
-116
-148
-161
-151
-153
-167
-144
-113
-161
-134
-120
-111
-142
-129
-131
-158
-98
-80
-121
-80
-82
-90
-47
-70
-104
-73
-65
-24
-30
-75
-98
-126
-94
-92
-74
-51
-42
-62
-61
-9
-52
-74
-31
-65
-7
-21
-23
-23
-29
11
-32
-10
-35
-5
32
-8
20
15
12
70
60
42
32
80
100
69
86
104
94
88
82
113
135
99
102
112
162
127
101
159
117
139
181
130
118
116
111
172
196
160
174
142
167
156
137
196
161
188
167
169
177
185
194
179
201
201
218
188
230
207
227
241
193
189
180
177
201
211
221
205
166
216
151
153
164
216
223
167
162
145
148
176
145
129
146
116
159
130
179
186
142
175
157
151
205
150
159
186
164
183
131
172
161
168
169
98
89
110
99
99
93
116
126
58
85
96
68
41
125
125
118
123
101
73
63
106
56
44
77
97
51
58
58
90
71
84
78
58
70
113
108
68
91
80
114
58
88
114
113
72
83
120
57
74
67
79
83
58
68
86
75
82
60
11
6
17
98
56
57
71
13
28
24
33
43
17
33
25
22
32
1
31
24
62
68
43
14
11
43
56
54
54
77
65
102
77
27
69
81
85
68
69
81
68
72
34
46
45
37
10
4
22
10
0
-29
9
2
-14
-11
2
38
-10
-18
24
22
23
39
31
18
-2
17
50
35
49
15
-15
10
43
97
60
24
25
22
44
52
26
52
136
56
30
31
26
70
21
73
75
46
48
52
53
73
68
16
33
19
51
117
102
66
59
32
69
59
66
100
96
130
62
81
90
82
98
93
119
124
97
72
74
65
94
75
106
136
86
97
108
97
103
95
76
59
59
108
105
87
89
77
77
79
105
104
110
101
117
87
28
60
69
81
97
74
32
58
78
79
43
32
55
76
57
61
60
33
85
57
41
12
24
55
27
46
56
31
49
37
91
126
81
63
62
109
100
106
70
103
110
95
107
80
96
101
102
89
118
142
118
115
109
98
69
58
99
66
79
115
113
97
90
64
49
68
79
93
62
72
59
16
52
60
21
32
28
36
42
-4
-2
0
11
15
14
55
36
20
13
40
41
34
6
23
9
8
51
22
30
2
14
-14
25
38
37
33
-9
-16
-6
27
26
20
29
6
-4
31
14
21
-16
14
30
33
31
-12
-10
3
1
-9
-42
-73
-38
-33
-35
-47
-60
-68
-73
-62
-63
-42
-54
-62
-25
-26
-17
-35
-48
-40
-28
-30
-25
-45
-13
-15
-24
-28
-22
15
-57
-32
-31
-22
2
2
8
-16
-5
35
27
16
28
-3
-23
17
29
34
30
20
26
-6
2
29
29
19
16
24
25
20
39
22
39
39
57
41
12
26
25
47
21
19
7
-4
17
43
38
27
38
31
-1
-2
54
71
14
6
20
-12
9
15
-2
3
-19
-19
-47
-23
18
0
-16
5
38
33
19
37
12
-49
2
6
11
3
28
75
24
54
39
23
14
-13
37
59
22
25
40
0
36
29
19
45
31
40
21
13
8
22
25
31
66
75
53
35
58
46
64
56
10
21
32
39
13
-5
43
6
14
10
10
78
-2
24
38
13
29
11
-1
37
24
27
49
26
1
-14
-24
-8
62
15
-7
-10
24
12
5
13
-35
-40
-25
-28
-59
-72
-51
-44
-68
-76
-88
-85
-120
-115
-97
-96
-104
-137
-113
-108
-92
-99
-145
-135
-158
-142
-132
-122
-117
-135
-129
-151
-150
-133
-144
-179
-155
-157
-143
-107
-148
-199
-177
-164
-171
-171
-209
-163
-171
-247
-196
-194
-224
-228
-238
-264
-252
-235
-255
-246
-261
-272
-299
-292
-271
-227
-273
-278
-279
-334
-309
-291
-303
-326
-304
-300
-324
-352
-335
-353
-363
-355
-320
-341
-382
-349
-340
-371
-379
-377
-411
-378
-347
-369
-395
-374
-367
-364
-401
-385
-345
-338
-368
-417
-371
-372
-405
-381
-370
-384
-367
-375
-372
-383
-387
-400
-402
-393
-379
-374
-432
-435
-441
-412
-405
-426
-419
-404
-396
-404
-411
-411
-426
-473
-446
-439
-418
-432
-498
-450
-437
-428
-440
-440
-414
-435
-409
-420
-405
-456
-428
-417
-442
-409
-426
-381
-382
-392
-402
-415
-425
-395
-435
-433
-409
-441
-423
-390
-378
-417
-432
-414
-400
-375
-430
-415
-399
-422
-412
-434
-402
-456
-426
-417
-439
-451
-454
-486
-485
-456
-442
-398
-476
-452
-459
-470
-429
-441
-422
-444
-434
-413
-444
-448
-434
-423
-445
-435
-406
-416
-412
-423
-404
-425
-452
-432
-446
-425
-412
-411
-404
-397
-450
-445
-432
-432
-406
-414
-434
-427
-408
-442
-435
-439
-451
-442
-427
-411
-418
-453
-449
-470
-461
-457
-470
-432
-472
-488
-479
-515
-513
-520
-505
-490
-497
-470
-516
-533
-508
-547
-566
-564
-528
-495
-564
-563
-536
-575
-586
-533
-502
-564
-569
-541
-570
-563
-546
-554
-561
-547
-523
-503
-538
-523
-500
-529
-513
-542
-539
-525
-476
-477
-521
-510
-510
-501
-509
-475
-479
-462
-482
-512
-468
-494
-493
-483
-505
-508
-473
-464
-495
-514
-490
-493
-509
-510
-504
-487
-486
-486
-492
-528
-530
-504
-532
-522
-507
-496
-525
-523
-527
-550
-516
-534
-481
-449
-513
-501
-504
-530
-508
-538
-562
-549
-549
-557
-575
-562
-543
-553
-595
-593
-547
-531
-552
-560
-555
-577
-581
-562
-553
-575
-565
-548
-572
-583
-568
-562
-579
-571
-574
-552
-592
-635
-591
-604
-621
-630
-614
-650
-647
-631
-652
-665
-650
-632
-651
-678
-679
-621
-645
-665
-645
-679
-674
-668
-705
-664
-629
-644
-672
-653
-650
-641
-678
-676
-609
-626
-630
-616
-604
-630
-632
-625
-616
-614
-610
-582
-597
-609
-619
-619
-617
-625
-593
-586
-573
-582
-562
-554
-589
-600
-586
-582
-587
-567
-561
-580
-572
-571
-599
-581
-594
-547
-580
-610
-569
-547
-554
-594
-571
-575
-573
-574
-574
-596
-590
-607
-647
-604
-592
-590
-578
-572
-609
-604
-594
-605
-595
-603
-579
-569
-570
-583
-563
-562
-581
-579
-551
-516
-541
-551
-529
-564
-562
-545
-542
-527
-523
-492
-508
-515
-507
-520
-503
-475
-467
-439
-454
-467
-461
-470
-437
-431
-441
-453
-418
-396
-439
-430
-425
-434
-405
-418
-412
-388
-402
-388
-410
-404
-397
-407
-380
-373
-385
-390
-411
-418
-383
-400
-390
-355
-355
-319
-312
-351
-336
-352
-362
-372
-360
-375
-383
-343
-370
-391
-395
-418
-409
-396
-418
-357
-368
-391
-391
-398
-396
-413
-434
-433
-389
-408
-414
-415
-424
-450
-476
-414
-390
-371
-386
-434
-435
-434
-430
-431
-429
-446
-434
-430
-440
-434
-404
-442
-454
-474
-471
-404
-469
-465
-447
-461
-443
-456
-445
-452
-452
-422
-459
-444
-460
-496
-486
-484
-477
-464
-466
-480
-468
-499
-479
-461
-502
-522
-503
-496
-537
-536
-498
-531
-543
-523
-533
-493
-517
-542
-518
-545
-564
-548
-538
-523
-504
-510
-534
-504
-507
-519
-525
-556
-502
-524
-544
-519
-530
-556
-540
-535
-563
-586
-566
-549
-580
-575
-597
-618
-613
-568
-546
-534
-578
-590
-582
-599
-548
-610
-646
-632
-634
-587
-590
-629
-623
-653
-689
-660
-618
-575
-636
-644
-646
-664
-614
-625
-612
-631
-628
-615
-634
-601
-619
-645
-650
-641
-629
-624
-601
-573
-594
-627
-606
-610
-612
-620
-608
-600
-629
-630
-642
-625
-612
-649
-623
-603
-644
-656
-618
-636
-622
-637
-647
-647
-616
-619
-627
-579
-639
-620
-611
-606
-603
-585
-591
-585
-557
-585
-572
-561
-576
-553
-524
-518
-525
-531
-509
-529
-515
-540
-536
-483
-483
-515
-531
-506
-499
-492
-498
-489
-487
-473
-469
-455
-463
-484
-502
-519
-464
-464
-475
-448
-451
-472
-463
-492
-480
-436
-440
-447
-473
-493
-499
-464
-455
-496
-471
-442
-467
-469
-488
-499
-477
-476
-522
-529
-513
-483
-498
-519
-498
-539
-544
-536
-508
-488
-517
-526
-509
-527
-528
-486
-515
-493
-528
-558
-530
-563
-527
-561
-569
-550
-536
-509
-541
-562
-548
-573
-594
-590
-606
-590
-584
-581
-592
-566
-556
-581
-577
-590
-585
-565
-577
-589
-587
-599
-596
-590
-580
-586
-612
-555
-591
-608
-585
-611
-604
-585
-545
-563
-591
-593
-591
-586
-573
-592
-606
-614
-594
-582
-572
-588
-608
-593
-610
-606
-603
-601
-616
-622
-593
-614
-596
-588
-593
-594
-609
-593
-602
-597
-628
-632
-622
-605
-567
-557
-585
-593
-570
-586
-581
-571
-605
-578
-553
-561
-550
-550
-556
-535
-537
-580
-551
-539
-573
-597
-550
-557
-565
-594
-584
-544
-541
-550
-593
-552
-600
-582
-569
-592
-559
-563
-568
-576
-573
-573
-593
-623
-586
-564
-578
-589
-580
-634
-629
-577
-679
-640
-581
-587
-612
-623
-629
-631
-626
-625
-602
-613
-619
-629
-586
-603
-592
-613
-633
-600
-566
-546
-585
-610
-557
-606
-618
-588
-624
-597
-621
-569
-560
-605
-575
-582
-631
-611
-570
-543
-556
-561
-583
-567
-564
-537
-538
-555
-529
-531
-494
-491
-486
-481
-492
-534
-476
-431
-474
-490
-452
-437
-476
-480
-469
-460
-407
-417
-423
-434
-439
-449
-474
-444
-456
-435
-459
-417
-389
-440
-462
-429
-445
-447
-404
-421
-443
-426
-431
-457
-440
-465
-448
-433
-459
-461
-448
-463
-457
-448
-456
-464
-447
-446
-437
-455
-445
-463
-505
-449
-425
-409
-438
-427
-398
-428
-401
-383
-449
-444
-403
-387
-391
-412
-416
-415
-424
-422
-398
-372
-391
-400
-352
-386
-405
-407
-433
-424
-421
-424
-463
-454
-441
-460
-453
-463
-445
-419
-405
-442
-440
-458
-450
-437
-459
-422
-429
-411
-441
-433
-443
-490
-482
-457
-416
-421
-435
-435
-426
-442
-417
-422
-456
-431
-425
-419
-451
-423
-407
-438
-420
-435
-422
-395
-429
-457
-431
-409
-429
-446
-439
-438
-437
-438
-434
-470
-447
-474
-492
-461
-448
-409
-455
-440
-445
-461
-428
-435
-432
-436
-427
-405
-426
-418
-420
-422
-439
-462
-436
-400
-429
-439
-435
-471
-454
-460
-432
-446
-451
-432
-452
-478
-470
-478
-487
-485
-461
-414
-451
-467
-451
-457
-468
-462
-449
-423
-443
-419
-436
-411
-422
-458
-409
-424
-391
-403
-411
-433
-413
-413
-394
-369
-422
-409
-401
-370
-373
-399
-414
-401
-399
-384
-370
-374
-373
-391
-353
-376
-379
-347
-371
-382
-360
-355
-342
-333
-336
-338
-352
-344
-338
-327
-324
-292
-278
-309
-293
-308
-290
-280
-300
-248
-263
-285
-287
-302
-291
-284
-268
-232
-257
-246
-221
-245
-231
-220
-224
-231
-214
-189
-194
-200
-205
-195
-211
-203
-162
-170
-155
-168
-189
-185
-159
-142
-153
-133
-100
-112
-154
-120
-134
-136
-131
-155
-92
-81
-114
-119
-93
-122
-101
-80
-109
-113
-100
-85
-81
-56
-77
-93
-92
-83
-54
-15
-100
-97
-55
-97
-90
-76
-80
-80
-90
-75
-67
-60
-40
-86
-45
-62
-65
-66
-76
-53
-40
-72
-65
-54
-78
-36
-46
-56
-50
-18
-30
-66
-100
-85
-40
-25
-64
-60
-61
-87
-46
-61
-55
-60
-42
-4
-65
-68
-56
-81
-88
-60
-37
-36
-50
-72
-35
-38
-31
-67
-54
-28
-54
-40
-66
-69
-85
-61
-85
-104
-65
-65
-49
-102
-73
-65
-99
-64
-120
-111
-70
-87
-90
-106
-107
-99
-88
-64
-60
-27
-37
-56
-49
-76
-76
-72
-59
-73
-88
-51
-81
-88
-67
-92
-111
-129
-126
-117
-148
-109
-79
-65
-78
-129
-101
-118
-113
-111
-127
-145
-111
-130
-134
-117
-122
-114
-134
-112
-131
-142
-135
-149
-186
-181
-158
-159
-188
-195
-184
-190
-193
-194
-175
-156
-175
-213
-254
-206
-124
-176
-222
-204
-172
-155
-191
-136
-133
-190
-185
-205
-182
-161
-203
-203
-185
-205
-194
-196
-192
-216
-189
-182
-229
-196
-186
-181
-219
-242
-186
-187
-188
-190
-197
-229
-224
-183
-208
-173
-165
-192
-169
-156
-175
-205
-223
-198
-161
-169
-198
-201
-200
-196
-194
-180
-199
-176
-160
-169
-169
-189
-162
-159
-166
-165
-153
-138
-142
-132
-126
-107
-126
-137
-118
-138
-110
-83
-119
-133
-86
-138
-128
-120
-111
-65
-101
-46
-77
-70
-44
-89
-74
-53
-31
-52
-60
-34
-51
-37
-46
-62
-16
18
-2
-25
-4
-11
-5
5
-17
-1
47
29
1
-16
-20
14
21
15
22
46
1
-11
1
6
12
-44
-52
-62
-51
-12
-52
-69
-72
-94
-56
-76
-71
-44
-121
-104
-81
-116
-105
-129
-116
-144
-134
-114
-142
-114
-106
-119
-160
-153
-133
-111
-155
-169
-177
-200
-165
-160
-153
-176
-214
-195
-196
-206
-190
-219
-230
-218
-194
-222
-216
-183
-243
-248
-238
-279
-250
-253
-224
-200
-249
-273
-298
-291
-278
-272
-269
-273
-287
-302
-283
-304
-324
-293
-297
-286
-292
-268
-304
-313
-285
-334
-345
-332
-319
-300
-342
-376
-354
-341
-342
-364
-386
-410
-375
-389
-373
-385
-429
-421
-419
-454
-431
-394
-428
-416
-425
-430
-442
-418
-426
-409
-404
-418
-386
-424
-442
-447
-466
-477
-447
-466
-484
-481
-489
-466
-468
-473
-476
-493
-458
-425
-467
-473
-489
-477
-467
-459
-431
-422
-459
-492
-451
-499
-485
-484
-494
-491
-480
-427
-457
-479
-486
-440
-436
-473
-407
-403
-436
-412
-433
-430
-434
-418
-425
-438
-408
-412
-387
-376
-388
-399
-400
-392
-364
-386
-401
-387
-385
-384
-384
-394
-420
-407
-382
-384
-394
-380
-389
-400
-379
-379
-368
-336
-380
-399
-365
-383
-396
-377
-371
-360
-356
-309
-317
-339
-307
-317
-331
-333
-301
-297
-333
-320
-321
-301
-307
-330
-287
-315
-264
-281
-299
-308
-316
-295
-288
-303
-332
-295
-303
-296
-321
-349
-345
-334
-352
-352
-319
-319
-349
-345
-346
-343
-346
-351
-316
-290
-290
-296
-293
-324
-313
-301
-315
-272
-264
-264
-269
-260
-277
-315
-307
-299
-253
-252
-279
-283
-265
-266
-266
-291
-275
-246
-240
-244
-246
-254
-250
-246
-282
-272
-278
-250
-252
-277
-269
-285
-281
-280
-295
-308
-290
-254
-291
-312
-317
-330
-328
-354
-356
-309
-355
-355
-341
-334
-341
-412
-401
-422
-436
-414
-451
-419
-431
-442
-393
-450
-423
-412
-440
-382
-417
-455
-418
-477
-405
-452
-470
-413
-469
-413
-433
-458
-438
-497
-483
-445
-473
-462
-518
-496
-498
-507
-520
-525
-494
-508
-543
-517
-531
-563
-551
-539
-506
-519
-525
-552
-536
-565
-560
-573
-578
-599
-578
-574
-616
-607
-644
-643
-660
-685
-648
-641
-669
-666
-716
-683
-679
-692
-690
-693
-705
-686
-719
-722
-713
-769
-727
-732
-698
-703
-727
-750
-731
-764
-764
-744
-757
-741
-761
-732
-757
-761
-744
-739
-776
-804
-783
-750
-787
-811
-752
-766
-778
-749
-770
-754
-756
-757
-768
-817
-796
-777
-787
-807
-768
-754
-790
-774
-731
-774
-776
-784
-817
-791
-744
-752
-784
-767
-779
-785
-790
-794
-750
-722
-744
-707
-694
-697
-714
-739
-739
-691
-678
-706
-726
-721
-684
-713
-723
-716
-702
-650
-668
-708
-652
-678
-678
-657
-648
-626
-639
-591
-612
-632
-593
-554
-582
-586
-550
-542
-584
-602
-537
-539
-537
-540
-506
-506
-495
-435
-480
-474
-468
-493
-469
-469
-435
-399
-422
-417
-434
-441
-416
-422
-416
-414
-428
-393
-378
-417
-402
-430
-424
-383
-391
-365
-382
-387
-396
-402
-379
-401
-401
-392
-392
-371
-381
-409
-397
-387
-375
-385
-401
-400
-415
-415
-385
-352
-397
-390
-372
-379
-370
-374
-363
-397
-427
-435
-442
-450
-424
-442
-462
-433
-450
-462
-418
-445
-478
-436
-429
-450
-475
-462
-422
-464
-493
-483
-465
-428
-491
-519
-486
-493
-517
-509
-489
-502
-493
-501
-513
-481
-465
-499
-501
-504
-475
-447
-466
-462
-473
-484
-480
-486
-523
-514
-496
-479
-538
-538
-502
-545
-518
-523
-517
-476
-485
-512
-506
-529
-501
-523
-566
-520
-520
-511
-532
-509
-491
-550
-551
-552
-509
-484
-544
-527
-525
-554
-548
-551
-556
-549
-530
-539
-521
-546
-551
-522
-551
-520
-506
-533
-584
-577
-541
-547
-553
-571
-589
-570
-576
-555
-542
-591
-581
-572
-560
-582
-554
-555
-592
-560
-556
-576
-580
-581
-568
-566
-554
-520
-532
-531
-521
-534
-527
-516
-492
-476
-512
-515
-532
-560
-558
-560
-554
-523
-524
-528
-562
-578
-589
-580
-548
-546
-547
-530
-559
-580
-554
-552
-533
-530
-529
-538
-501
-511
-523
-504
-507
-513
-509
-522
-488
-448
-462
-511
-498
-436
-455
-462
-453
-449
-448
-443
-450
-454
-410
-401
-414
-415
-426
-358
-395
-388
-362
-386
-360
-379
-388
-367
-365
-353
-367
-373
-347
-361
-360
-378
-315
-302
-320
-324
-300
-271
-299
-276
-294
-293
-255
-222
-255
-267
-237
-260
-268
-281
-237
-200
-213
-208
-210
-220
-216
-188
-183
-165
-164
-176
-171
-171
-169
-127
-91
-150
-126
-118
-141
-114
-101
-128
-153
-117
-134
-125
-101
-108
-94
-86
-83
-103
-127
-107
-79
-40
-58
-63
-52
-32
-21
-64
-66
-37
-19
-31
-12
4
-23
-26
-62
-65
-2
-34
-61
-66
-64
-82
-96
-79
-101
-103
-73
-55
-63
-77
-82
-113
-122
-115
-119
-81
-111
-140
-123
-125
-107
-104
-108
-120
-131
-121
-123
-119
-125
-147
-155
-128
-118
-107
-125
-135
-129
-159
-155
-145
-160
-137
-119
-130
-144
-159
-143
-148
-158
-172
-155
-124
-113
-120
-106
-139
-162
-118
-154
-159
-140
-155
-149
-189
-214
-176
-168
-161
-150
-144
-153
-177
-173
-187
-170
-178
-234
-221
-183
-154
-189
-220
-213
-230
-245
-235
-208
-182
-220
-256
-225
-233
-232
-208
-228
-229
-219
-208
-202
-209
-231
-271
-266
-262
-262
-237
-234
-254
-272
-285
-249
-278
-277
-280
-303
-242
-257
-252
-247
-261
-275
-286
-273
-265
-267
-292
-294
-312
-275
-273
-330
-307
-303
-296
-294
-315
-312
-301
-295
-297
-269
-247
-268
-255
-257
-273
-290
-274
-269
-309
-302
-273
-242
-270
-254
-250
-269
-254
-235
-223
-250
-237
-216
-240
-227
-237
-259
-214
-228
-221
-208
-234
-224
-213
-236
-219
-182
-156
-160
-175
-143
-159
-141
-123
-139
-127
-112
-108
-128
-122
-95
-85
-89
-67
-51
-57
-31
-67
-81
-40
-11
-53
-73
-53
-49
-29
-81
-63
-48
-83
-101
-104
-56
-59
-90
-82
-80
-81
-58
-77
-75
-86
-98
-46
-51
-54
-50
-51
-63
-54
-25
-15
-33
-26
-46
-39
-28
-41
-49
-53
-49
-57
-36
-33
-49
-57
-55
-58
13
-22
-54
-20
-10
3
-22
-26
-16
-37
12
26
9
24
-2
-35
-58
-16
-33
1
0
-33
-34
-71
-49
-18
-28
-57
-62
-53
-61
-50
-67
-75
-62
-57
1
-10
-71
-60
-23
-31
-57
-90
-79
-90
-65
-51
-36
7
-35
-42
-99
-96
-74
-79
-104
-113
-80
-100
-101
-108
-108
-118
-117
-85
-101
-126
-120
-144
-147
-174
-157
-102
-119
-160
-157
-148
-152
-145
-137
-129
-141
-120
-166
-161
-158
-184
-166
-222
-219
-146
-192
-214
-193
-256
-219
-174
-183
-169
-185
-189
-179
-196
-198
-228
-228
-242
-247
-209
-244
-239
-214
-225
-225
-209
-232
-227
-232
-230
-214
-258
-222
-246
-277
-245
-247
-268
-273
-226
-247
-250
-232
-238
-240
-257
-236
-224
-259
-248
-260
-274
-294
-305
-256
-214
-253
-298
-240
-251
-252
-263
-259
-263
-259
-236
-254
-244
-249
-256
-264
-264
-260
-230
-232
-252
-246
-231
-222
-248
-238
-196
-218
-169
-177
-202
-153
-174
-179
-174
-135
-123
-171
-139
-125
-119
-94
-156
-153
-138
-136
-110
-125
-145
-104
-122
-102
-69
-74
-31
-63
-84
-75
-70
-86
-63
-57
-79
-76
-40
-20
-29
-15
-21
-45
-15
-13
16
-16
-13
49
-4
33
27
15
28
64
59
39
62
21
17
38
38
38
57
48
25
58
35
20
57
68
87
96
63
52
97
102
70
70
90
76
83
58
38
42
42
85
78
78
95
83
96
112
94
79
62
27
23
58
74
22
-2
8
-10
-9
6
-3
-30
-16
-7
3
-3
-26
-44
-44
-41
-28
-2
-49
-18
11
-27
-35
-74
-73
-51
-81
-88
-91
-123
-134
-112
-132
-131
-93
-99
-127
-154
-102
-120
-163
-169
-180
-203
-182
-143
-181
-218
-208
-182
-244
-233
-216
-252
-253
-284
-262
-250
-266
-287
-310
-310
-295
-279
-335
-352
-327
-311
-326
-331
-338
-336
-384
-369
-352
-391
-371
-396
-386
-379
-375
-375
-370
-383
-425
-415
-425
-429
-404
-422
-452
-448
-433
-449
-450
-465
-461
-445
-450
-448
-460
-479
-469
-472
-488
-482
-455
-465
-469
-474
-481
-466
-503
-499
-471
-445
-445
-462
-483
-495
-506
-496
-481
-497
-490
-456
-486
-512
-468
-459
-502
-493
-462
-483
-431
-395
-410
-412
-441
-411
-407
-425
-398
-390
-396
-426
-394
-360
-360
-416
-416
-395
-409
-362
-369
-365
-331
-340
-366
-318
-306
-295
-335
-346
-293
-342
-284
-287
-339
-341
-351
-313
-334
-345
-322
-382
-384
-392
-407
-410
-418
-420
-448
-443
-463
-514
-509
-457
-481
-486
-515
-490
-492
-559
-556
-515
-489
-549
-605
-503
-490
-631
-677
-596
-595
-738
-763
-717
-732
-813
-848
-821
-797
-849
-859
-817
-847
-979
-994
-925
-975
-1094
-1104
-1082
-1099
-1143
-1192
-1175
-1166
-1227
-1244
-1180
-1161
-1144
-1185
-1121
-1064
-1088
-1019
-875
-798
-752
-675
-511
-329
-325
-318
-160
-2
-5
-87
29
174
207
176
152
248
303
280
288
352
353
290
284
321
230
183
152
184
151
4
8
88
73
14
-20
47
117
69
117
128
159
146
133
181
207
249
279
303
364
416
471
542
590
568
589
695
722
683
659
721
716
684
640
677
727
718
679
667
719
699
654
658
666
645
615
612
614
599
591
567
640
661
676
676
690
689
614
629
615
597
540
490
511
480
396
340
303
288
223
192
177
78
4
-65
-112
-157
-255
-334
-397
-438
-504
-633
-669
-705
-760
-854
-904
-900
-946
-1019
-1126
-1166
-1207
-1269
-1325
-1399
-1500
-1522
-1537
-1569
-1611
-1670
-1686
-1658
-1699
-1726
-1699
-1732
-1735
-1735
-1755
-1741
-1731
-1660
-1261
-658
-377
-699
-921
-475
201
206
-310
-331
204
368
-34
-160
372
863
728
355
309
635
779
699
538
324
70
-24
111
104
-156
-165
77
65
-279
-438
-97
144
-177
-640
-665
-437
-348
-543
-580
-409
-275
-272
-259
-161
-114
-52
23
-9
-186
-144
68
245
173
-2
160
380
401
255
223
468
436
149
29
39
157
144
43
32
27
24
51
85
29
-69
-87
-82
-175
-145
-5
34
35
-14
96
313
359
311
323
463
554
475
466
623
714
726
767
1003
1450
1513
1273
1188
1370
1681
1541
1269
1306
1343
1365
1334
1256
1407
1438
1311
1166
991
1032
1056
1061
927
652
537
641
835
716
577
664
669
526
403
413
573
627
391
243
241
383
459
370
298
246
176
136
150
44
-45
-97
-180
-363
-544
-497
-386
-451
-715
-993
-1017
-1027
-1089
-1235
-1436
-1566
-1697
-1763
-1815
-1849
-1964
-2093
-2207
-2318
-2383
-2367
-2371
-2369
-2428
-2573
-2662
-2685
-2629
-2663
-2741
-2537
-1877
-945
-663
-1316
-1959
-1529
-479
-358
-971
-1082
-315
61
-400
-620
170
985
811
-12
-447
-149
206
190
134
-58
-600
-499
-317
-370
-441
-441
-206
-286
-1008
-1409
-991
-541
-758
-1422
-1501
-1139
-869
-910
-931
-704
-642
-885
-1086
-1060
-869
-746
-579
-583
-688
-598
-361
-37
-181
-404
-463
-311
-357
-553
-510
-220
-33
-269
-544
-493
-331
-421
-567
-679
-690
-757
-824
-819
-760
-737
-691
-728
-803
-899
-820
-628
-513
-540
-603
-484
-339
-238
-209
-94
77
94
47
168
424
612
548
582
674
775
816
735
836
1025
1098
1032
905
862
914
935
943
856
744
780
770
723
626
535
561
526
406
238
235
375
350
181
65
54
93
30
-105
-171
-182
-239
-308
-312
-244
-188
-258
-422
-537
-586
-554
-557
-666
-713
-736
-732
-809
-963
-1108
-1147
-1116
-1237
-1504
-1685
-1632
-1502
-1583
-1841
-1945
-1954
-1962
-2324
-2576
-2519
-2447
-2455
-2585
-2658
-2721
-2763
-2933
-2981
-3052
-3115
-3079
-3082
-3061
-2638
-1304
2
-835
-2877
-3647
-1731
190
-339
-1205
-639
679
247
-1291
-1064
925
1796
712
-689
-580
254
764
801
743
287
-139
-30
243
94
-300
-5
270
-279
-1298
-1024
211
799
-328
-1436
-1332
-614
-521
-801
-577
32
-56
-624
-1022
-844
-312
-119
46
-274
-510
-360
154
354
61
-222
20
255
-24
-359
73
607
482
-195
-523
-148
254
167
-118
-167
-146
-237
-430
-420
-208
-13
-156
-403
-581
-583
-400
-132
-147
-287
-341
-31
227
127
0
274
524
621
422
699
1341
1509
1327
1052
1363
1723
1733
1622
1834
2059
2062
1790
1803
1909
2030
1905
1796
1718
1599
1576
1580
1392
1057
906
1013
1162
871
639
604
700
465
208
121
312
352
122
-161
-171
-156
-150
-159
-181
-158
-273
-282
-384
-553
-507
-336
-378
-665
-1020
-829
-657
-802
-1224
-1406
-1124
-1041
-1433
-1854
-1873
-1728
-1814
-2067
-2165
-2231
-2372
-2546
-2718
-2948
-3048
-2983
-2855
-2930
-3163
-3465
-3716
-3722
-3425
-3036
-2912
-1832
-147
-837
-3529
-5323
-3005
995
982
-1049
-1646
105
484
-1830
-2311
481
2808
1681
-740
-1035
402
1052
654
215
183
-133
101
474
646
-58
-397
-242
-524
-1398
-1472
215
1254
-17
-2082
-2292
-1124
-398
-990
-814
-91
-110
-1162
-1777
-1444
-388
-235
-255
-353
-584
-468
-322
98
-219
-475
-370
226
247
2
67
526
290
-478
-876
-94
655
446
-64
-269
-201
-475
-704
-575
-41
66
-233
-625
-664
-618
-446
-376
-291
-365
-352
-274
-239
-245
-160
231
610
1063
1268
937
518
686
1429
2194
2146
2036
2063
2066
1975
1859
2182
2775
2788
2383
2017
2062
2262
2241
2118
1851
1633
1409
1528
1635
1504
1175
840
534
455
581
800
881
558
-95
-394
-243
-9
82
-86
-45
-121
-465
-656
-488
-213
-180
-556
-703
-579
-417
-623
-899
-1011
-982
-959
-1166
-1143
-1106
-1083
-1502
-1879
-2037
-2101
-1824
-1758
-1948
-2266
-2560
-2687
-2913
-3310
-3157
-2864
-2690
-2962
-3417
-3560
-3760
-3787
-3589
-2298
-62
424
-2475
-5502
-5137
-618
1691
307
-1167
-670
464
-1324
-2905
-965
2707
3217
638
-1582
-657
668
1160
530
443
168
118
374
362
317
-152
34
-545
-1233
-1713
-146
1143
594
-1794
-2744
-2003
-668
-659
-772
-262
-287
-1282
-2428
-2064
-1073
-68
-255
-293
-985
-989
-975
-381
-373
-523
-494
-102
108
-259
-305
28
186
-584
-941
-522
625
485
-79
-723
-645
-709
-796
-659
-170
93
-340
-952
-1317
-1109
-850
-529
-545
-533
-766
-765
-907
-856
-739
-220
320
563
-166
-740
-99
990
1637
557
529
1284
1899
1406
736
1488
2442
2328
1467
1277
1997
2592
2081
1625
1447
1870
1779
1786
1554
1416
1274
1219
1113
650
699
940
1191
463
-158
-241
431
463
23
-519
-201
35
-242
-738
-615
-277
-380
-700
-880
-437
-387
-425
-939
-1350
-1601
-1036
-531
-509
-1234
-1656
-1750
-1565
-1647
-1558
-1431
-1649
-2034
-2578
-2506
-2425
-2126
-2284
-2596
-3271
-3414
-3453
-3107
-3047
-2985
-3095
-3617
-4087
-4013
-2897
-915
418
-1378
-4326
-5639
-2472
1079
1214
-440
-887
-44
-735
-2544
-1700
1933
3832
2040
-896
-1190
338
1408
1170
1081
1088
644
339
337
696
676
588
252
-423
-1019
-281
1155
1381
-397
-1938
-1756
-547
14
-233
74
296
-375
-1814
-1949
-852
477
500
60
-408
-543
-532
-336
63
163
281
297
354
90
57
419
743
216
-233
-77
845
1078
457
-71
-51
120
-91
-221
190
722
475
-255
-765
-562
-181
112
27
1
-51
-137
-359
-424
-194
537
1421
1234
-30
-722
234
1601
2048
1495
1523
1775
1578
1009
1085
2263
3318
3173
2181
1650
1814
2314
2588
2553
2345
2284
2173
2182
1864
1622
1771
1834
1451
961
1162
1674
1785
935
116
62
590
754
561
474
562
152
-505
-652
-182
289
247
-146
-457
-501
-433
-283
-429
-747
-1123
-856
-436
-356
-885
-1115
-1221
-1518
-1701
-1457
-813
-925
-1767
-2225
-2219
-2253
-2108
-2219
-1928
-2152
-2756
-3252
-3341
-3007
-2894
-2991
-2997
-3160
-3398
-3563
-3340
-1877
-215
-481
-2983
-5055
-3633
270
1247
-127
-1206
-277
90
-1618
-2231
408
3083
2454
-64
-1268
107
1053
1157
727
920
508
316
317
727
691
417
267
-280
-814
-770
605
1302
332
-1491
-1768
-973
-168
-509
-290
210
34
-1215
-1756
-1235
-249
49
-175
-213
-469
-404
-485
-156
-215
-103
-192
163
174
48
176
539
223
-387
-525
153
832
554
162
-19
109
-320
-486
-226
438
435
53
-441
-460
-355
-255
-188
-71
153
153
6
-145
147
593
484
-57
86
785
1701
1472
1205
949
1127
1330
1435
1725
2243
2452
2229
1832
1594
1931
2237
2561
2212
2119
1955
2305
2200
2049
1805
1693
1569
1448
1514
1756
1874
1448
900
556
792
979
1117
926
857
521
359
58
189
251
319
115
-9
10
78
39
-224
-420
-685
-648
-504
-267
-383
-655
-938
-1122
-1328
-1166
-1070
-1035
-1494
-1833
-1594
-1382
-1649
-2033
-2303
-2259
-2350
-2652
-2444
-2047
-2078
-2843
-3810
-4090
-3442
-2771
-2348
-2899
-3727
-4022
-3778
-3271
-2163
-518
-484
-2511
-4765
-3910
-606
725
-224
-1055
-377
-69
-1453
-1842
174
2202
1666
-335
-804
312
1186
961
678
474
-90
-271
223
890
778
422
48
-513
-1376
-1423
-32
1051
269
-1284
-1788
-1130
-758
-1087
-947
-290
-303
-1168
-1643
-1306
-544
-544
-800
-902
-851
-681
-405
-103
-241
-623
-759
-513
-357
-367
2
458
189
-616
-1066
-484
139
59
-329
-322
-152
-324
-694
-708
-403
-254
-500
-773
-731
-548
-468
-536
-580
-657
-505
-80
327
46
-210
155
480
421
157
649
1523
1396
809
686
1299
1912
1627
1270
1510
1931
1941
1670
1669
1919
1875
1531
1340
1412
1492
1563
1529
1186
740
737
899
916
551
189
382
596
328
-94
-140
91
-22
-553
-605
-322
-263
-604
-839
-691
-493
-694
-920
-911
-857
-900
-1038
-1050
-1085
-1276
-1361
-1293
-1301
-1631
-1814
-1559
-1506
-1761
-2156
-2153
-1961
-1994
-2175
-2306
-2386
-2500
-2765
-2836
-2729
-2760
-2963
-3172
-3304
-3281
-3299
-3172
-3082
-3474
-3727
-3811
-3387
-2855
-1950
-700
-1057
-2764
-3919
-2650
-406
-317
-1152
-1012
187
326
-1048
-1171
424
1389
394
-823
-368
877
1343
919
542
178
-333
-416
98
561
427
316
209
-278
-1090
-1150
-217
319
-413
-1322
-1132
-357
-327
-858
-983
-512
-610
-1100
-1186
-696
-203
-340
-475
-617
-599
-447
-191
50
-140
-394
-237
16
66
-224
-17
357
205
-355
-516
-5
340
35
-339
-277
-158
-216
-455
-457
-298
-326
-511
-651
-614
-494
-471
-403
-490
-544
-470
-42
303
173
356
949
1170
499
-59
513
1592
1716
1090
1197
1837
2129
1620
1191
1672
2088
1855
1443
1436
1807
1922
1706
1417
1190
1029
995
1131
944
656
641
636
504
60
-174
168
332
-97
-720
-649
-270
-362
-834
-966
-673
-652
-1014
-1162
-998
-930
-1044
-1202
-1188
-1170
-1255
-1382
-1532
-1648
-1620
-1493
-1562
-1859
-2090
-1911
-1748
-1968
-2273
-2340
-2259
-2444
-2737
-2733
-2569
-2658
-2948
-3263
-3264
-3111
-3095
-3175
-3329
-3615
-3724
-3709
-3572
-3525
-3781
-3883
-3799
-3558
-2898
-1731
-1316
-2170
-3164
-2874
-1404
-1049
-1763
-1724
-830
-306
-990
-1266
-151
847
369
-776
-998
-374
128
171
35
-158
-435
-505
-181
-72
-334
-418
-402
-681
-1338
-1489
-795
-202
-575
-1479
-1482
-888
-730
-1137
-1285
-878
-782
-1171
-1333
-1003
-598
-542
-717
-767
-768
-589
-320
-135
-242
-551
-529
-313
-247
-335
-223
113
49
-403
-625
-290
91
-112
-467
-550
-409
-370
-512
-446
-319
-374
-570
-687
-628
-494
-433
-328
-217
-342
-287
71
427
465
371
540
730
680
633
863
1341
1490
1211
1175
1528
1861
1812
1653
1683
1825
1741
1550
1607
1719
1658
1532
1379
1279
1261
1228
1160
889
632
541
560
550
326
114
124
179
53
-248
-294
-78
-151
-520
-693
-521
-436
-580
-759
-798
-807
-892
-946
-952
-900
-918
-1011
-1102
-1294
-1395
-1358
-1317
-1493
-1791
-1962
-1854
-1742
-1929
-2049
-2026
-1979
-2177
-2497
-2569
-2415
-2377
-2631
-2864
-2857
-2709
-2641
-2867
-3022
-3106
-3117
-3053
-3154
-3289
-3330
-3283
-3194
-3311
-3311
-2434
-1330
-1253
-2240
-2743
-1761
-538
-921
-1835
-1603
-684
-467
-1143
-1101
37
658
168
-542
-481
90
236
74
-213
-457
-595
-484
-134
-216
-452
-364
-245
-385
-953
-1033
-435
-192
-860
-1529
-1314
-719
-563
-888
-982
-666
-533
-753
-841
-717
-499
-433
-543
-678
-702
-460
-126
-42
-259
-345
-123
115
9
-307
-267
-33
-100
-419
-464
-100
127
-166
-457
-427
-251
-166
-371
-466
-489
-521
-544
-620
-583
-521
-488
-458
-419
-397
-244
-34
230
530
569
561
633
789
1014
1107
1128
1222
1206
1293
1427
1523
1663
1649
1642
1612
1594
1632
1563
1552
1439
1224
1086
970
1013
904
746
662
535
494
494
469
366
201
117
63
34
-70
-132
-77
-167
-211
-237
-197
-136
-284
-412
-462
-492
-470
-601
-704
-774
-843
-859
-958
-1018
-1056
-1129
-1207
-1270
-1391
-1579
-1616
-1620
-1771
-1972
-2034
-1830
-1821
-2032
-2098
-2106
-2117
-2239
-2413
-2450
-2489
-2589
-2756
-2731
-2712
-2811
-2761
-2791
-2760
-2897
-3073
-2984
-2953
-3100
-3148
-2716
-1820
-1436
-1933
-2173
-1629
-641
-599
-1331
-1272
-680
-348
-768
-1118
-417
176
30
-385
-436
93
287
319
206
-90
-256
-354
-121
-237
-636
-663
-457
-345
-716
-861
-424
-104
-368
-950
-942
-499
-360
-651
-893
-692
-417
-445
-486
-388
-243
-169
-217
-152
-160
-100
50
134
77
-97
-3
242
294
58
-89
87
201
64
-109
-68
121
20
-241
-267
-177
-113
-260
-403
-303
-309
-369
-376
-370
-370
-348
-299
-197
-78
36
228
330
383
462
685
948
1055
1098
1119
1252
1351
1367
1442
1498
1625
1557
1412
1479
1561
1566
1450
1356
1298
1231
1251
1190
1049
930
807
716
601
506
498
495
423
279
182
204
278
261
82
-23
-93
-14
-17
-135
-101
-171
-255
-341
-347
-352
-508
-624
-755
-868
-827
-743
-759
-930
-1064
-1207
-1254
-1238
-1433
-1654
-1780
-1757
-1630
-1597
-1653
-1672
-1634
-1722
-1925
-2049
-2070
-2023
-1977
-2128
-2342
-2376
-2372
-2398
-2490
-2531
-2583
-2654
-2709
-2695
-2673
-2751
-2845
-2895
-2939
-2985
-2915
-2611
-1971
-1646
-2020
-2223
-1693
-815
-550
-1168
-1254
-813
-496
-646
-1021
-586
-207
-320
-668
-782
-268
-5
44
-66
-313
-311
-263
39
-19
-491
-697
-656
-475
-676
-974
-749
-458
-533
-886
-909
-435
-151
-328
-607
-563
-315
-205
-276
-273
-289
-317
-297
-219
-148
-111
27
144
91
-37
29
301
474
264
1
-2
168
217
-4
-170
-112
-61
-127
-238
-190
-77
-73
-156
-246
-226
-168
-93
-56
-153
-210
-97
3
59
77
113
275
484
697
830
945
1163
1354
1470
1577
1672
1812
1827
1772
1786
1760
1764
1701
1617
1528
1497
1542
1511
1448
1398
1355
1352
1293
1210
1151
1054
1002
890
799
746
693
575
473
483
511
499
472
480
435
438
416
425
414
300
205
54
-104
-194
-189
-225
-363
-471
-480
-479
-579
-730
-859
-822
-761
-868
-1012
-1106
-1134
-1154
-1290
-1407
-1449
-1473
-1458
-1511
-1611
-1714
-1686
-1659
-1681
-1764
-1853
-1803
-1860
-2038
-2154
-2201
-2244
-2340
-2424
-2420
-2453
-2476
-2562
-2583
-2528
-2653
-2720
-2504
-1998
-1560
-1721
-2018
-1695
-856
-357
-820
-1109
-679
-227
-180
-591
-527
-176
-117
-267
-561
-394
-66
22
-94
-299
-276
-197
-46
48
-297
-594
-513
-309
-376
-820
-1006
-780
-645
-939
-1169
-922
-593
-580
-752
-831
-578
-217
-207
-349
-421
-302
-169
-106
-130
-290
-273
-151
-71
-96
-189
-75
88
41
-129
-133
34
179
72
-165
-205
-120
-117
-266
-419
-477
-461
-457
-520
-540
-472
-451
-438
-429
-386
-298
-162
-23
-30
-25
136
370
535
596
806
1064
1180
1315
1421
1605
1715
1692
1685
1661
1778
1731
1633
1542
1355
1344
1284
1241
1235
1167
1103
1042
1003
991
892
871
816
693
636
583
570
429
336
348
377
389
365
333
307
323
359
283
191
131
39
3
-113
-172
-225
-317
-361
-517
-692
-805
-839
-884
-950
-1048
-1140
-1225
-1260
-1267
-1339
-1438
-1525
-1564
-1707
-1769
-1784
-1839
-1897
-1973
-2069
-2060
-2029
-2091
-2165
-2284
-2301
-2407
-2502
-2522
-2579
-2611
-2698
-2757
-2756
-2846
-2878
-2752
-2330
-1713
-1738
-2039
-1808
-1044
-330
-528
-868
-522
-92
125
-95
-314
-217
-267
-220
-400
-621
-424
-317
-312
-580
-691
-411
-220
-169
-407
-664
-706
-511
-352
-749
-1240
-1171
-970
-978
-1296
-1441
-1121
-986
-981
-1007
-868
-470
-292
-282
-395
-350
2
178
26
-233
-188
-36
16
-89
-262
-277
-231
-165
-150
-233
-196
-113
-119
-245
-338
-171
-136
-301
-521
-635
-548
-563
-694
-785
-921
-885
-747
-746
-765
-702
-486
-394
-332
-132
-29
56
214
382
508
592
868
1091
1034
1067
1215
1535
1782
1623
1543
1585
1701
1864
1681
1461
1339
1390
1416
1126
1004
981
923
790
547
603
679
610
577
445
468
507
557
513
298
341
404
440
426
310
384
412
400
419
359
398
366
329
236
71
51
-35
-236
-509
-635
-610
-712
-872
-1152
-1292
-1259
-1350
-1392
-1449
-1493
-1591
-1720
-1611
-1617
-1685
-1721
-1845
-1823
-1813
-1786
-1840
-2001
-2018
-2051
-2103
-2119
-2211
-2289
-2347
-2394
-2374
-2481
-2493
-2551
-2581
-2548
-2666
-2492
-2028
-1455
-1528
-1988
-1601
-599
203
-185
-837
-475
275
754
294
-263
-112
179
331
-94
-425
-235
-102
-49
-447
-556
-130
66
-16
-461
-509
-218
-85
-114
-625
-828
-610
-412
-328
-759
-921
-741
-491
-150
-315
-317
-27
310
506
279
414
736
870
786
407
527
824
717
464
137
273
438
406
334
95
120
228
330
248
88
113
140
131
-1
-69
-54
-114
-202
-302
-316
-145
-139
-96
-109
-93
221
427
658
551
599
910
1067
1265
1187
1278
1520
1576
1713
1640
1743
1934
1907
1967
1940
2059
2067
1955
1944
1831
1813
1761
1546
1371
1261
1283
1242
1129
1025
992
1018
998
989
1009
1079
1085
1065
1104
1175
1205
1215
1145
1117
1138
1145
1130
979
916
858
838
836
648
479
346
298
241
30
-104
-246
-307
-387
-584
-671
-735
-753
-896
-1053
-1068
-1073
-1008
-1067
-1225
-1201
-1211
-1115
-1064
-1259
-1334
-1359
-1283
-1234
-1440
-1580
-1676
-1671
-1680
-1914
-2010
-2040
-2060
-2114
-2284
-2284
-2218
-2303
-2398
-2501
-2436
-2328
-1899
-1236
-1305
-1731
-1499
-447
517
36
-726
-260
615
1035
409
-58
74
39
295
283
-252
-519
-392
70
-282
-806
-380
-115
-126
-691
-790
-165
-196
-490
-886
-932
-653
-629
-441
-821
-1140
-773
-367
-91
-426
-412
31
368
550
375
379
553
655
726
376
348
530
484
339
-94
88
227
79
-47
-305
-99
62
45
-48
-414
-295
-138
-159
-287
-573
-451
-398
-437
-473
-526
-326
-262
-173
-33
-33
274
450
526
606
642
954
1063
1040
1031
991
1259
1452
1458
1270
1186
1614
1882
1819
1519
1450
1745
1855
1794
1454
1315
1401
1351
1279
986
871
906
894
878
794
896
1013
997
1003
1011
1212
1289
1226
1143
1051
1206
1218
1075
873
749
864
882
763
626
523
534
494
452
276
79
-35
-178
-256
-409
-568
-727
-830
-863
-976
-945
-1012
-1116
-1066
-1057
-958
-1107
-1182
-1087
-1199
-1179
-1220
-1249
-1285
-1530
-1531
-1615
-1614
-1584
-1808
-1881
-1986
-1962
-1927
-2110
-2304
-2487
-2449
-2282
-2450
-2653
-2808
-2764
-2618
-2727
-2842
-2754
-2015
-1248
-1508
-2062
-1444
47
763
-275
-903
37
946
975
-38
-446
-238
-99
50
-488
-939
-1089
-896
-347
-747
-1244
-1089
-605
-458
-1190
-1225
-741
-681
-1042
-1626
-1377
-962
-1024
-1257
-1600
-1240
-797
-527
-387
-663
-455
5
478
549
9
70
410
480
187
-299
-181
-168
-377
-548
-732
-539
-671
-821
-816
-866
-641
-693
-756
-898
-1087
-862
-815
-998
-1268
-1420
-1104
-982
-1056
-1136
-1105
-729
-574
-416
-297
-230
-2
52
195
301
191
206
179
282
320
97
223
342
271
261
336
555
598
575
597
600
671
632
598
435
279
339
325
247
119
46
100
182
265
262
270
374
453
489
478
471
461
412
378
326
210
159
96
8
-57
-127
-145
-176
-241
-288
-435
-481
-518
-720
-898
-1107
-1111
-1224
-1408
-1559
-1677
-1546
-1657
-1772
-1717
-1718
-1681
-1742
-1654
-1645
-1875
-1844
-1822
-1930
-2167
-2221
-2071
-2276
-2492
-2463
-2423
-2446
-2592
-2641
-2711
-2689
-2588
-2898
-3032
-3076
-3017
-3073
-3348
-3249
-3444
-3457
-3267
-3225
-2475
-1637
-1890
-2538
-1815
84
702
-829
-1417
-272
669
504
-795
-1195
-904
-767
-688
-1241
-1584
-1733
-1464
-856
-1200
-1500
-1381
-927
-827
-1539
-1347
-985
-1183
-1685
-2045
-1415
-1129
-1363
-1629
-1668
-928
-587
-422
-291
-375
-14
315
665
491
-139
18
195
155
-214
-717
-577
-777
-844
-762
-837
-681
-947
-904
-731
-633
-517
-930
-942
-864
-921
-830
-1084
-1153
-1314
-1279
-795
-816
-827
-772
-509
-96
-27
186
158
114
292
303
464
311
-4
-84
-44
93
-111
-340
-296
-195
-62
-88
-65
53
23
155
230
363
383
232
243
317
536
482
285
284
365
555
669
597
562
603
808
831
771
760
656
611
483
482
450
293
164
73
73
164
185
23
-63
47
203
192
68
-81
-44
83
-3
-170
-343
-431
-526
-710
-753
-853
-1082
-1215
-1271
-1239
-1312
-1339
-1459
-1551
-1386
-1337
-1414
-1627
-1749
-1781
-1788
-1762
-2012
-2249
-2255
-2202
-2115
-2265
-2324
-2369
-2361
-2206
-2345
-2301
-2421
-2660
-2630
-2701
-2758
-3128
-3247
-3077
-3194
-3220
-3336
-3094
-2307
-1211
-1351
-2428
-1467
541
1198
-444
-1407
124
826
413
-781
-1412
-928
-822
-621
-1323
-1824
-1403
-1200
-692
-980
-1177
-828
-828
-637
-1173
-1127
-762
-1324
-1620
-1729
-1076
-774
-1332
-1319
-1093
-172
187
-99
107
204
660
800
642
568
54
58
114
-133
-212
-712
-638
-630
-692
-306
-470
-384
-557
-519
33
-86
-319
-772
-697
-296
-573
-683
-901
-831
-522
-469
-142
-190
-31
327
368
705
755
786
690
452
664
592
588
385
-37
91
221
411
206
-130
170
434
622
453
150
298
418
553
387
102
245
386
539
412
491
943
1043
1037
1002
1395
1714
1563
1431
1298
1413
1491
1323
1063
847
944
1054
916
817
813
861
941
1011
1043
1053
992
910
898
927
981
827
647
700
877
989
842
724
798
907
909
707
544
441
300
143
-43
-287
-441
-558
-622
-578
-633
-738
-809
-658
-570
-650
-749
-883
-878
-910
-978
-1036
-1426
-1574
-1299
-1383
-1418
-1655
-1632
-1374
-1500
-1417
-1637
-1784
-1803
-1823
-1992
-2338
-2236
-2307
-2462
-2580
-2397
-1260
-329
-741
-1559
-455
1690
2050
114
-447
1352
1754
879
-110
-242
-264
-446
140
-452
-1282
-785
-89
36
-655
-104
461
-302
-488
-207
329
-307
-1101
-817
-701
-271
-305
-654
-505
-212
840
996
522
665
1043
1558
1214
950
1040
582
407
252
215
176
-422
-336
-241
-143
183
11
-15
-215
112
579
145
-213
-441
-138
10
-358
-363
-495
-329
-14
95
362
308
577
870
851
1094
1052
961
734
559
803
670
434
178
10
246
345
359
204
108
381
574
625
450
291
334
302
350
225
47
54
135
245
251
427
633
699
886
1190
1405
1374
1341
1407
1439
1279
1191
1110
840
788
754
700
589
574
742
672
765
913
946
977
855
944
944
963
879
713
811
707
721
717
635
767
768
809
781
686
763
582
468
372
35
-154
-303
-501
-618
-709
-793
-925
-950
-838
-808
-1018
-1125
-858
-879
-958
-1205
-1479
-1353
-1402
-1438
-1780
-1801
-1558
-1907
-1876
-1819
-1745
-1831
-2030
-1773
-2063
-2132
-2094
-2328
-2420
-2507
-2262
-2466
-1902
-412
-597
-1694
-891
1315
1815
-176
-600
1238
1187
217
-258
-287
-782
-1216
-297
-851
-1887
-1230
-475
-629
-1302
-428
181
-1029
-997
-311
14
-840
-1497
-883
-940
-755
-572
-840
-758
-398
634
604
28
444
793
1037
477
367
559
-130
-377
-443
-373
-559
-1193
-983
-868
-717
-447
-696
-642
-775
-409
-55
-595
-795
-874
-597
-570
-879
-626
-745
-714
-415
-122
182
-25
169
383
376
563
420
248
-49
-16
216
-168
-397
-493
-461
-341
-376
-172
-286
-376
-159
-52
3
-196
-287
-296
-324
-189
-231
-441
-568
-425
-118
-82
-209
-140
29
177
287
420
346
24
194
437
334
54
-192
152
-48
-127
55
-166
-95
0
585
400
46
586
697
710
479
580
681
247
643
584
328
354
334
629
415
605
642
401
648
632
714
467
282
415
183
195
-57
-146
-201
-425
-360
-539
-631
-813
-763
-652
-948
-909
-957
-1093
-1152
-1130
-971
-1348
-1421
-1287
-1489
-1565
-1546
-1570
-1700
-1847
-1703
-1774
-1974
-1884
-1907
-2007
-2127
-2084
-2186
-2346
-2372
-2323
-2323
-2411
-2206
-1328
-361
-817
-1441
-148
1547
1278
-485
-146
1331
574
-219
-337
-522
-1115
-1064
-291
-1294
-1754
-679
-454
-977
-939
152
-234
-1355
-571
19
-432
-1229
-1094
-581
-779
-345
-241
-574
-285
474
1068
507
430
1071
1001
675
469
701
364
-349
-289
-193
-216
-476
-821
-615
-350
-78
-119
-385
-222
-116
69
12
-368
-438
-351
-184
-310
-354
-21
-96
-27
312
623
751
534
711
818
794
842
484
205
156
300
190
-242
-180
-32
-6
-23
52
290
156
135
334
332
296
183
123
-46
6
281
100
-71
11
346
476
282
341
447
485
480
446
383
149
102
109
-56
-142
-251
-243
-166
20
249
5
93
452
529
523
334
606
459
333
574
348
442
419
597
635
544
1044
865
701
888
898
935
570
622
641
386
351
202
248
139
291
443
296
471
461
572
492
349
552
180
60
139
-79
-182
-326
-494
-610
-675
-762
-833
-924
-1126
-1161
-1148
-1376
-1506
-1609
-1609
-1620
-1749
-1679
-1645
-1784
-1856
-1654
-1733
-1796
-1745
-2068
-1903
-1962
-2248
-2184
-2481
-2422
-2700
-2824
-2481
-2593
-2270
-1476
-532
-1092
-1412
131
1035
446
-688
-97
486
-609
-764
-874
-1564
-1881
-1446
-1059
-2069
-1767
-925
-1389
-1504
-848
-381
-1480
-1843
-845
-1111
-1653
-1743
-1651
-1622
-1428
-685
-838
-1074
-406
176
99
-146
103
82
-420
-479
-480
-753
-1060
-1467
-1459
-1388
-1182
-1322
-1745
-1340
-979
-923
-1130
-1240
-1201
-1320
-1160
-1244
-1559
-1609
-1444
-1316
-1339
-1040
-810
-952
-741
-343
-260
-452
-597
-577
-753
-824
-872
-1226
-1459
-1386
-1239
-1351
-1416
-1237
-1177
-1194
-1040
-851
-932
-1168
-1173
-1113
-1159
-1193
-1295
-1360
-1269
-1018
-909
-977
-926
-740
-619
-605
-586
-733
-874
-963
-1067
-1162
-1263
-1400
-1487
-1460
-1329
-1276
-1371
-1300
-1209
-1149
-1080
-1084
-1079
-975
-853
-1015
-1102
-803
-744
-820
-910
-679
-596
-707
-490
-672
-730
-665
-591
-765
-931
-738
-877
-1006
-941
-869
-917
-1025
-897
-820
-831
-596
-480
-555
-503
-194
-100
-245
-191
-146
-153
-215
-280
-371
-582
-605
-601
-767
-890
-972
-1037
-1116
-1130
-1099
-1234
-1320
-1243
-1283
-1353
-1518
-1630
-1776
-1856
-1823
-2048
-2139
-2232
-2170
-2108
-2222
-2218
-2100
-2096
-2182
-2103
-2137
-2146
-2318
-2448
-2542
-2788
-2736
-2916
-3325
-3655
-3653
-3382
-3062
-2109
-1330
-1891
-1881
-131
1030
331
-927
-321
64
-687
-945
-1544
-2147
-2475
-1839
-1773
-2555
-2215
-1777
-1938
-1872
-1211
-1232
-2365
-2374
-1746
-1873
-2257
-2494
-2427
-2249
-1527
-961
-1161
-1077
-421
-27
-47
-112
-122
-585
-1014
-988
-1107
-1467
-1870
-2140
-2099
-1708
-1472
-1744
-2081
-1702
-1291
-1381
-1644
-1818
-1875
-1982
-1847
-1829
-1998
-1931
-1749
-1479
-1142
-831
-748
-959
-822
-466
-558
-960
-1279
-1444
-1527
-1588
-1705
-1931
-2110
-1928
-1702
-1605
-1529
-1469
-1462
-1516
-1391
-1304
-1470
-1725
-1842
-1634
-1416
-1392
-1494
-1431
-1128
-855
-734
-815
-875
-897
-956
-1045
-1303
-1543
-1706
-1860
-1915
-1874
-1736
-1847
-1914
-1646
-1409
-1400
-1492
-1469
-1513
-1563
-1496
-1554
-1714
-1730
-1543
-1508
-1464
-1251
-1166
-1182
-1158
-1018
-1061
-1152
-1268
-1447
-1504
-1540
-1587
-1784
-1854
-1650
-1477
-1081
-896
-1259
-937
-458
-516
-633
-994
-794
-1090
-1164
-944
-1362
-1253
-1295
-1006
-1066
-932
-664
-953
-849
-677
-624
-828
-1091
-1002
-1036
-1047
-984
-1129
-1023
-889
-575
-357
-290
-312
-193
-56
-33
-73
-237
-371
-549
-473
-476
-669
-763
-799
-743
-630
-609
-777
-921
-647
-749
-930
-835
-1034
-941
-1068
-1094
-962
-1155
-998
-1227
-1272
-1050
-1208
-1313
-1544
-1549
-1507
-1459
-1542
-1881
-1761
-1521
-1662
-1841
-1778
-1736
-2079
-2209
-2073
-2474
-2884
-2873
-2613
-1577
62
-96
-1349
-93
2274
2489
516
-32
910
191
-348
-568
-1418
-2130
-1722
-1071
-1637
-1301
-618
-1192
-1574
-563
101
-1089
-2029
-1442
-1101
-1173
-971
-1025
-894
-106
961
1086
886
1468
1410
847
783
879
263
-805
-1040
-892
-782
-639
-913
-1277
-884
-38
27
-699
-731
-416
-684
-833
-624
-555
-882
-772
-148
276
674
808
640
725
1126
1288
609
-22
-91
-267
-487
-654
-787
-886
-859
-576
-320
-245
-254
-352
-416
-244
-19
-135
-475
-467
-143
173
311
294
423
694
952
1011
881
698
485
296
65
-93
-250
-490
-582
-536
-346
-198
-214
-259
-156
59
126
13
-98
-109
-132
-64
104
225
226
298
523
664
738
731
503
297
249
220
49
-248
-382
-423
-399
-241
-155
-170
-104
41
175
177
140
107
-14
12
152
204
200
218
360
528
656
712
624
550
501
487
459
447
372
176
352
795
1063
823
635
1094
1168
1042
776
487
477
290
398
277
222
391
445
570
759
1051
1033
826
943
1061
994
894
644
709
731
884
1016
934
1091
1123
1190
1142
1127
1162
897
806
1043
1255
1179
1079
1315
1581
1716
1718
1587
1491
1444
1356
1201
1029
953
742
638
847
1007
1008
800
845
1017
1004
994
806
594
579
640
606
393
336
417
468
424
257
309
205
16
35
-235
-212
-279
-514
-409
-734
-786
-872
-1076
-851
-598
1257
3123
2058
864
2357
4439
3833
1367
1025
1514
666
507
402
-13
-400
-25
499
137
697
866
-353
-747
82
633
-145
-771
-31
636
1477
1953
2098
2407
2629
2971
2678
2425
2196
1304
642
479
724
769
248
171
349
974
1361
726
194
156
368
282
-55
313
609
584
1120
1968
2557
2401
2298
2311
2171
2168
1766
1034
550
503
687
470
407
626
563
584
683
822
695
300
158
130
305
632
752
893
1252
1904
2357
2322
2243
2169
2014
1719
1372
1146
832
614
535
523
749
895
874
785
765
854
750
570
402
358
515
719
1032
1294
1569
1829
1955
2081
2159
1979
1638
1355
1203
1002
768
681
637
705
831
891
898
898
829
706
587
525
519
555
657
813
1103
1403
1605
1752
1828
1801
1723
1522
1326
1136
906
772
649
700
815
843
860
894
945
910
857
781
627
576
650
792
1025
1301
1517
1690
1933
2113
2220
2359
2312
1806
1485
1607
1383
1151
791
667
890
755
977
899
800
955
859
857
752
958
1018
869
1218
1468
1662
1755
1798
1972
1848
1913
1820
1556
1419
1222
1333
1328
1260
1348
1319
1397
1507
1564
1527
1383
1364
1401
1480
1637
1646
1672
1812
1860
1878
1731
1645
1534
1307
1184
962
917
762
564
548
419
534
405
191
319
259
272
202
93
195
242
276
172
175
190
136
6
-208
-287
-325
-536
-681
-718
-1171
-1314
-1529
-1649
-1773
-2149
-1119
1200
3029
2251
766
1810
3379
3074
1182
-223
47
-254
-451
-53
55
185
-278
-412
-289
-51
-84
-1418
-2286
-1818
-918
-263
-327
139
999
1652
2178
2257
2292
1809
1058
662
540
724
560
-121
-270
16
525
518
-111
-518
-769
-701
-1008
-1345
-1020
-772
-531
-121
642
1560
1590
1401
1306
1281
1206
713
369
105
5
180
225
265
297
70
-261
-595
-635
-742
-1071
-1271
-1158
-672
-229
124
495
706
942
1063
971
960
815
652
394
220
407
555
470
168
1
34
-50
-301
-648
-827
-868
-787
-598
-440
-133
82
250
460
608
771
721
532
478
510
532
488
432
430
342
260
163
-4
-204
-540
-757
-695
-546
-432
-418
-312
-96
79
301
423
394
325
500
1234
1944
1297
591
1254
1240
1158
809
72
287
-229
-76
64
-171
130
-217
-125
-31
444
791
156
360
714
939
1288
1116
1335
1484
1596
1610
1444
1545
1242
1049
848
725
962
792
574
562
620
870
811
785
750
804
1050
837
876
1145
1089
1075
958
1007
1184
837
578
434
188
-23
-122
-184
-432
-422
-460
-521
-246
-205
-412
-410
-496
-509
-226
-447
-604
-689
-919
-563
-501
-699
-632
-809
-893
-1280
-1679
-1762
-2039
-1969
-2069
-2105
-1553
-831
170
1823
3266
2372
873
1184
1675
1646
-2
-1133
-319
-504
-148
219
255
136
-733
-1086
-1591
-1415
-1058
-1749
-1748
-1138
30
1288
1259
1515
1691
1496
1437
1118
1160
843
455
451
332
889
945
410
-28
-660
-543
-759
-1077
-1142
-1246
-753
-644
-266
459
610
930
614
614
1183
993
907
609
638
780
669
832
556
258
-91
-499
-581
-817
-865
-946
-1161
-869
-551
-200
-64
-109
102
88
225
438
400
544
510
604
796
800
861
473
96
-209
-398
-456
-749
-875
-889
-802
-582
-487
-386
-322
-370
-412
-407
-196
-24
116
190
246
507
642
568
421
214
221
451
464
-40
-248
-136
-146
-112
-413
-404
-373
-475
-296
-158
44
172
132
70
336
720
723
690
798
894
928
896
798
689
592
316
228
239
276
254
62
68
208
405
478
491
511
494
678
835
857
1013
1014
847
670
745
652
438
383
-36
-85
-172
-492
-509
-747
-876
-1032
-1245
-1164
-1042
-831
-911
-940
-868
-845
-737
-1027
-1068
-1038
-1389
-1332
-1354
-1532
-1322
-1489
-1368
-1530
-1840
-1603
-2052
-2114
-2454
-2491
-1889
-2165
-1950
-2107
-1768
-1051
-1150
335
2283
2550
566
-403
691
1153
514
-1096
-999
-587
-905
-489
-401
-328
-909
-1840
-2323
-2172
-1292
-1060
-1357
-1170
-468
695
1304
1084
1079
905
532
445
590
963
852
415
282
312
546
301
-340
-1024
-1506
-1153
-951
-985
-696
-355
-145
-359
-5
509
544
462
75
469
874
990
1174
1008
909
632
430
310
100
-213
-567
-684
-654
-553
-239
-252
-435
-405
-324
-29
-13
43
234
310
634
875
1026
1101
949
862
686
658
630
330
38
-78
0
-20
-91
-51
21
123
95
-28
309
590
683
689
597
886
1212
1441
1482
1239
932
963
988
810
909
799
800
740
749
968
801
856
626
540
680
797
1121
1009
1106
1222
1212
1272
1245
1375
1298
1192
1199
1241
1426
1417
1345
1267
1142
1094
938
906
822
542
450
375
301
298
38
-215
-423
-704
-737
-679
-600
-716
-768
-780
-953
-673
-703
-781
-724
-1320
-1259
-1282
-1215
-1053
-1408
-1056
-1440
-1555
-1677
-2162
-1883
-2280
-2236
-2169
-2429
-2268
-2233
-1927
-1959
-2173
-2298
-2335
-1814
-1714
-1279
702
2504
1828
-264
-649
155
494
-659
-1792
-1137
-1293
-1288
-729
-668
-650
-1548
-2482
-3024
-2476
-1577
-1452
-1370
-1220
-461
496
723
583
459
12
-237
-277
13
677
672
303
-81
-81
-189
-634
-978
-1815
-2140
-1830
-1549
-1132
-858
-529
-679
-1092
-830
-440
-254
-482
-473
41
149
647
929
682
339
-292
-351
-516
-634
-684
-953
-907
-971
-750
-558
-804
-888
-1131
-1198
-851
-619
-271
-124
-6
263
395
662
603
436
378
252
404
507
672
725
446
405
296
317
325
-93
-130
-203
-93
446
564
756
747
683
751
737
869
827
967
1073
1190
1395
1451
1515
1399
1139
983
872
762
830
890
937
960
996
1120
1094
1042
944
853
849
901
1052
1054
1115
1042
863
751
495
260
-82
-469
-618
-526
-502
-416
-440
-602
-681
-1038
-1207
-1149
-1284
-1181
-1156
-1183
-823
-825
-915
-862
-1205
-1467
-1700
-1846
-1464
-1429
-1517
-1674
-2165
-2059
-2016
-1850
-1949
-2527
-2228
-2191
-1961
-1750
-1903
-1625
-1871
-1787
-1447
205
2695
2092
-96
-829
-229
735
-14
-1117
-650
-971
-1045
-663
-432
-212
-1068
-1781
-2913
-2721
-1306
-1029
-728
-1089
-812
-38
46
530
396
14
-258
-493
43
632
1221
1052
108
-55
-358
-510
-572
-1198
-1362
-1662
-1445
-835
-610
-218
-691
-1347
-1553
-1342
-640
-628
-468
-42
-142
179
481
640
412
-404
-623
-843
-645
-302
-364
-343
-759
-801
-799
-1072
-953
-1201
-1428
-1434
-1268
-681
-426
-268
-327
-529
-392
-214
342
919
836
644
437
591
1088
1016
839
422
72
405
597
789
333
-127
-90
-425
-40
54
121
292
0
256
361
742
933
780
771
521
965
1106
1159
1383
943
761
591
583
616
395
200
-35
-88
-7
28
-29
-428
-814
-1043
-1273
-1094
-954
-1221
-1334
-1416
-1452
-1276
-1237
-1234
-1738
-1946
-2091
-2241
-1569
-1659
-1475
-1543
-2154
-1880
-2282
-2419
-2582
-2895
-3051
-3355
-2649
-2725
-2537
-2539
-2951
-2533
-2980
-3268
-3407
-3256
-2969
-2721
-2502
-2798
-2451
-2274
-1674
535
1685
326
-1420
-1683
-885
-230
-907
-1223
-829
-1472
-1444
-1099
-1107
-1373
-1798
-2583
-3811
-3096
-1888
-1319
-1139
-1686
-1335
-1268
-1243
-711
-674
-749
-1064
-676
-509
-26
997
583
-116
-726
-1020
-939
-1042
-1098
-1037
-1161
-1413
-1256
-936
-922
-1212
-1720
-2238
-2116
-1376
-1020
-699
-490
-671
-554
-525
-433
-486
-555
-641
-783
-633
-496
-35
45
-451
-621
-999
-1190
-1090
-1129
-1099
-1204
-1101
-1084
-936
-651
-539
-109
292
-60
-373
458
1017
971
1057
586
1041
1382
1067
1294
771
589
663
521
138
136
825
366
169
123
-64
398
287
377
471
457
596
761
950
884
1256
1213
684
799
738
659
777
580
415
188
-54
-272
-448
-763
-1096
-1175
-1590
-1839
-1499
-1496
-1675
-1861
-2241
-2147
-2023
-2261
-2228
-2180
-1888
-1645
-1743
-1974
-2235
-1924
-2047
-2385
-2515
-2872
-2833
-2979
-3172
-2972
-2967
-2934
-3162
-3500
-3756
-4116
-4188
-4386
-3960
-3177
-3117
-3292
-3569
-3126
-1633
116
711
-637
-1853
-1701
-950
-629
-1064
-695
-376
-1095
-1354
-1550
-1694
-1533
-1596
-2247
-3677
-3933
-2871
-2059
-1986
-2303
-2044
-2273
-2758
-2406
-1994
-1589
-1261
-1108
-1287
-1456
-586
262
127
-498
-908
-822
-1012
-1232
-943
-724
-778
-933
-1218
-1668
-1978
-1807
-1785
-2179
-2427
-2296
-1904
-1823
-1822
-1450
-1353
-1577
-1722
-1679
-1529
-1294
-905
-754
-834
-789
-590
-455
-670
-788
-701
-884
-1055
-1070
-1017
-1036
-985
-855
-918
-909
-517
472
1407
743
-298
-327
-323
-97
207
329
600
786
620
670
582
377
667
535
-90
-371
112
473
837
1164
792
544
239
-2
180
141
249
560
556
330
318
598
462
251
10
-478
-703
-852
-818
-694
-743
-817
-877
-1206
-1848
-1986
-1893
-2104
-2027
-1899
-1990
-2072
-2259
-2336
-2224
-2254
-2426
-2501
-2575
-2704
-2660
-2652
-2762
-2605
-2474
-2659
-3082
-3450
-3537
-3390
-3230
-3369
-3413
-3519
-3686
-3797
-4002
-4090
-3918
-3476
-3325
-2950
-1845
-553
-200
-943
-1498
-1533
-1545
-1744
-1495
-877
-524
-558
-559
-841
-1269
-1202
-1225
-1653
-2501
-2820
-2438
-2263
-2233
-1952
-1665
-1838
-2240
-2388
-2504
-2601
-2274
-1876
-1669
-1640
-1394
-971
-938
-1005
-888
-771
-949
-1088
-869
-765
-796
-636
-426
-556
-939
-1154
-1238
-1507
-1669
-1533
-1443
-1614
-1783
-1720
-1708
-1887
-1942
-1813
-1813
-1972
-1946
-1793
-1777
-1621
-1329
-1135
-1238
-1294
-1132
-995
-1023
-999
-620
-190
172
470
525
241
145
114
96
30
-47
266
227
142
0
-42
-50
-249
-137
-373
-567
-564
-377
-152
-158
-6
114
66
-71
-183
-149
-78
40
306
317
200
142
162
108
-110
-180
-348
-529
-727
-889
-1102
-1368
-1365
-1435
-1581
-1833
-1957
-1964
-2099
-2233
-2254
-2257
-2291
-2300
-2429
-2448
-2539
-2565
-2459
-2577
-2645
-2689
-2661
-2661
-2756
-2785
-2816
-2898
-3134
-3313
-3391
-3354
-3234
-3149
-3224
-3434
-3504
-3491
-3583
-3630
-3650
-3675
-3671
-3764
-3718
-3493
-2861
-1801
-1066
-1000
-1429
-1661
-1667
-1954
-2094
-1875
-1267
-832
-727
-713
-946
-1141
-1089
-966
-1167
-1606
-1845
-1783
-1846
-1996
-1845
-1432
-1202
-1201
-1251
-1522
-1779
-1833
-1652
-1395
-1397
-1186
-893
-813
-812
-834
-650
-604
-505
-355
-438
-522
-592
-510
-465
-525
-359
-185
-287
-403
-441
-458
-578
-709
-604
-594
-598
-657
-652
-626
-664
-536
-510
-515
-529
-537
-493
-515
-502
-286
36
326
436
604
722
742
743
632
536
494
622
806
888
886
865
860
937
851
732
697
717
784
729
726
800
811
951
1109
970
819
809
837
766
757
765
811
910
785
784
693
577
631
635
430
356
390
109
27
-47
-48
-1
42
63
-98
-175
-315
-534
-610
-638
-814
-746
-861
-837
-826
-1133
-985
-1162
-1112
-1212
-1474
-1440
-1542
-1556
-1563
-1625
-1754
-1598
-1707
-1810
-1867
-1905
-1941
-1984
-1962
-2020
-2017
-2063
-2153
-2220
-2304
-2358
-2375
-2449
-2502
-2495
-2199
-1758
-1246
-997
-938
-1042
-1063
-1180
-1435
-1434
-1320
-1025
-792
-667
-598
-718
-704
-597
-541
-594
-757
-717
-760
-841
-988
-974
-788
-637
-473
-321
-367
-505
-566
-551
-582
-663
-475
-402
-278
-263
-313
-201
-295
-173
-4
-22
-27
0
-45
-157
-301
-263
-185
-112
63
43
73
35
-36
-162
-233
-221
-219
-96
-152
-155
-81
-131
-67
-8
97
181
194
293
347
330
350
486
532
563
501
495
443
353
542
632
765
791
749
791
742
666
793
778
782
895
851
1028
978
833
816
802
727
816
745
841
968
798
959
1063
719
543
1020
917
439
682
61
444
603
396
604
-125
529
44
66
134
-422
-29
354
-226
-312
-463
-392
-290
-638
-372
-853
-493
-928
-698
-883
-1240
-903
-1149
-1202
-1360
-1337
-1191
-1395
-1447
-1506
-1830
-1567
-1661
-1760
-1613
-1812
-1759
-1957
-2208
-2018
-2169
-2058
-2053
-2263
-2151
-2210
-2155
-2306
-2189
-1850
-1606
-1248
-1192
-1242
-1385
-1180
-1474
-1467
-1432
-1241
-958
-989
-870
-932
-946
-1010
-833
-869
-879
-861
-773
-692
-909
-897
-946
-922
-741
-651
-598
-681
-660
-664
-503
-735
-756
-494
-569
-563
-430
-428
-548
-502
-521
-341
-387
-470
-269
-406
-397
-516
-615
-461
-339
-305
-179
-244
-370
-350
-421
-371
-516
-351
-440
-304
-330
-338
-322
-423
-287
-327
-370
-407
-186
-389
-98
-278
-296
66
66
482
598
551
256
10
-17
-58
-234
257
547
560
407
496
496
244
610
470
543
359
531
847
488
379
449
131
281
480
535
647
567
403
385
493
-11
96
-82
208
571
145
37
213
-30
119
54
-313
1
-391
-361
-333
-553
-649
-399
-509
-618
-571
-921
-644
-909
-1179
-908
-1360
-1150
-1004
-1253
-1268
-1160
-1407
-1659
-1232
-1632
-1724
-1762
-1658
-2041
-2185
-1990
-2105
-2011
-2009
-1882
-2219
-2169
-2255
-2156
-2367
-2448
-2266
-2350
-2156
-2449
-2191
-2012
-1863
-1425
-1543
-1556
-1311
-1391
-1416
-1502
-1678
-1570
-1568
-1356
-1025
-1067
-1011
-1093
-1037
-1034
-1188
-1119
-1062
-723
-991
-995
-1133
-1051
-880
-1184
-685
-672
-709
-560
-681
-759
-854
-811
-1005
-817
-553
-657
-631
-721
-814
-492
-353
-640
-503
-362
-643
-704
-601
-718
-437
-265
-523
-502
-584
-562
-354
-433
-424
-472
-569
-647
-517
-507
-326
-222
-240
-201
-376
-394
-97
149
-24
171
123
184
-65
23
389
229
291
290
446
428
315
245
566
667
274
740
628
433
315
449
691
174
588
488
795
774
456
570
606
621
554
522
800
440
263
853
249
191
283
704
609
152
-273
778
46
-163
688
-612
-169
-190
-261
-283
-438
-227
-328
-464
-51
-735
-448
-529
-1351
-979
-828
-1014
-880
-636
-1345
-1469
-1288
-1166
-1031
-1264
-1739
-1615
-1812
-1791
-1659
-1752
-1740
-1652
-1805
-1781
-1939
-2016
-2088
-2172
-1914
-2189
-1826
-2012
-1965
-1783
-1512
-1166
-914
-732
-829
-676
-690
-994
-1175
-1232
-1069
-754
-802
-498
-661
-319
-448
-679
-633
-1039
-833
-618
-658
-747
-787
-762
-717
-628
-477
-523
-408
-486
-407
-382
-544
-549
-510
-442
-197
-284
-274
-57
-182
-206
-162
-137
-302
-175
-17
-174
-278
-227
-154
-248
-176
-148
-261
-46
-7
-161
-48
-173
-194
-139
-217
-205
-85
184
245
192
-29
211
618
1113
1435
1192
1040
852
658
383
114
51
534
1226
1477
1312
1057
989
801
902
751
598
1219
1162
1367
1462
915
936
968
961
1144
1243
1034
1202
1463
1198
820
760
722
864
1000
829
972
854
724
825
253
-4
690
254
206
379
-87
-41
-94
-321
-413
131
150
-201
-420
-328
-975
-1194
-1125
-820
-518
-1080
-597
-970
-872
-1065
-1667
-1370
-1660
-1553
-1440
-1403
-1539
-1754
-1898
-1805
-1736
-1986
-1842
-1809
-1747
-1744
-1874
-1711
-1267
-771
-291
-112
5
234
233
-53
-439
-551
-370
-123
27
408
502
543
679
476
208
-136
-136
3
89
-13
-222
-18
-16
-58
10
27
124
260
492
500
166
-13
91
199
229
225
546
774
917
1012
958
924
684
648
747
628
655
738
786
845
718
807
821
788
853
746
637
518
518
559
468
415
502
706
845
885
1067
1434
1744
1864
2023
2115
2017
1800
1632
1656
1546
1530
1885
2205
2395
2375
2396
2312
1902
1739
1665
1701
1956
2100
2247
2407
2352
2115
2026
2158
2009
1881
2156
2149
2133
2060
2011
1925
1762
1996
1891
1673
1560
1623
1613
1574
1352
1179
1241
849
678
690
613
456
660
636
376
158
-154
51
20
-249
-382
-702
-769
-735
-646
-382
-545
-641
-735
-910
-1296
-1564
-1513
-1526
-1488
-1586
-1532
-1645
-1760
-1715
-1807
-1883
-1913
-1683
-1012
-215
497
875
850
853
765
266
-169
-307
56
639
836
1277
1348
1338
1258
857
703
116
-85
165
190
138
-136
-106
79
-16
-3
-36
85
242
357
514
257
55
61
237
422
370
653
1085
1349
1552
1368
1240
1131
961
1024
839
810
878
1013
1254
1124
1046
992
962
946
709
527
343
294
424
366
307
308
491
701
712
742
679
806
1031
1212
1500
1725
2012
2256
2424
2717
2662
2666
2787
2655
2733
2543
2540
2565
2391
2465
2342
2371
2314
2289
2414
2315
2232
2084
2040
2063
1947
2056
2117
2217
2287
2211
2272
2108
2017
2052
1980
1851
1710
1637
1621
1528
1350
1244
1202
1041
974
809
567
375
119
12
-138
-371
-449
-415
-443
-439
-628
-851
-1009
-1143
-1248
-1456
-1568
-1626
-1580
-1503
-1585
-1621
-1683
-1651
-1641
-1817
-1794
-1916
-2072
-2188
-2256
-2034
-1553
-292
876
1512
1811
1752
1738
849
-160
-527
-516
199
666
1540
2258
2146
2109
1569
951
-10
-698
-434
-104
-25
-34
202
415
202
-22
-22
-86
-18
223
547
509
157
168
322
381
360
600
1282
1663
1940
2004
1802
1517
1028
891
685
511
671
956
1486
1441
1270
1227
870
651
202
34
-24
-145
141
268
430
453
464
708
661
723
738
784
1008
1074
1249
1398
1613
1940
2104
2153
2136
2126
2193
2261
2433
2563
2683
2750
2756
2545
2140
1922
1706
1721
1785
1863
2043
2026
2036
1858
1537
1341
1112
1177
1284
1384
1490
1434
1373
1149
813
506
232
126
191
287
429
333
152
-57
-396
-710
-1055
-1266
-1314
-1413
-1406
-1519
-1688
-1774
-1990
-2138
-2344
-2512
-2600
-2744
-2746
-2801
-2743
-2687
-2656
-2451
-2351
-2276
-2501
-2525
-2627
-2843
-3020
-3253
-2873
-2341
-1198
61
657
975
802
731
19
-1136
-1597
-1645
-976
-357
321
1075
1076
926
565
-168
-1030
-1819
-1646
-1179
-1106
-945
-815
-510
-528
-878
-960
-1163
-1181
-885
-555
-409
-740
-729
-510
-491
-487
-456
90
583
911
1108
857
524
62
-124
-339
-701
-546
-215
301
446
251
73
-383
-667
-1150
-1538
-1702
-1716
-1324
-1039
-931
-964
-940
-846
-916
-1116
-1111
-929
-615
-297
-116
89
314
733
1262
1422
1473
1633
1926
1992
1573
1395
1149
1205
1180
1189
1443
1212
1478
1384
1186
759
177
365
285
398
463
628
970
970
1044
794
609
530
526
717
619
650
735
846
793
430
243
177
75
-6
-145
-296
-472
-656
-759
-1059
-1431
-1675
-1771
-1795
-2089
-2394
-2384
-2458
-2438
-2703
-2869
-2930
-3244
-3169
-3379
-3419
-3494
-3531
-3231
-3457
-3496
-3793
-3856
-3835
-4171
-3866
-3888
-3576
-3396
-3025
-1553
-662
3
52
-160
245
-660
-1600
-1918
-2071
-1110
-753
14
731
255
290
-269
-995
-2040
-3142
-2612
-2191
-1902
-1750
-1618
-1066
-1390
-1723
-1987
-2422
-2342
-2107
-1372
-1173
-1552
-1222
-982
-628
-903
-1095
-435
-144
316
275
170
99
-482
-444
-689
-1010
-946
-830
-162
-133
-516
-649
-1066
-1263
-1813
-2219
-2173
-2345
-1840
-1568
-1400
-1435
-1727
-1362
-1515
-1724
-1863
-1823
-1307
-1183
-988
-847
-858
-602
-515
-327
-82
112
885
1670
2065
1985
1437
1200
793
253
45
46
571
1103
1495
1670
1169
626
229
-99
-416
-694
-245
471
1036
1195
984
818
435
208
37
-145
-3
297
817
982
672
310
10
-88
-293
-566
-655
-546
-401
-326
-633
-1117
-1483
-1793
-2044
-2453
-2696
-2776
-2644
-2449
-2709
-2907
-3141
-3275
-3339
-3762
-3925
-4103
-4018
-3831
-4035
-4038
-4249
-4304
-4202
-4412
-4300
-4326
-4157
-3751
-3636
-2972
-1768
-531
176
146
52
171
-496
-1525
-1980
-1868
-990
-575
188
870
451
202
-539
-1158
-2292
-3309
-2820
-2191
-1688
-1692
-1455
-1048
-1415
-1897
-2290
-2461
-2502
-2156
-1304
-941
-920
-822
-445
-187
-522
-641
-178
353
645
766
810
660
279
30
-127
-438
-549
-325
215
375
14
-225
-625
-880
-1404
-1833
-1791
-1801
-1326
-1049
-843
-858
-1108
-925
-1121
-1239
-1312
-1131
-647
-485
-169
-45
68
262
291
408
387
547
1116
1800
2624
2888
2654
2422
1814
1464
772
346
729
979
1914
2078
2147
1936
1163
1099
266
6
-66
364
1362
1653
2119
1928
1833
1609
1124
999
653
922
1300
1654
1901
1486
1293
1042
704
389
-44
64
271
472
488
94
-278
-723
-1102
-1481
-1859
-2088
-1952
-1674
-1597
-1754
-2067
-2208
-2486
-2697
-3069
-3202
-3003
-2998
-2673
-2775
-2764
-2880
-3219
-3121
-3542
-3682
-3739
-3549
-2925
-2854
-2430
-1559
-163
797
779
556
365
291
-712
-1347
-1435
-1024
-52
371
1300
1320
739
464
-240
-921
-2186
-2580
-1785
-1187
-924
-929
-606
-465
-846
-1251
-1537
-1719
-1698
-1131
-427
-283
-461
-338
155
235
-63
-24
491
946
1023
1088
991
719
285
225
186
-126
-79
186
830
726
226
-38
-368
-587
-1165
-1293
-1231
-1100
-633
-406
-193
-447
-623
-536
-668
-770
-983
-691
-227
41
303
335
459
540
549
726
930
1554
2458
3044
3136
2767
2357
2011
1284
894
944
1244
2098
2469
2878
2559
1880
1570
803
505
80
433
1351
1901
2480
2303
2223
1880
1413
1324
1015
1237
1476
1981
2438
2154
1944
1518
1261
908
471
489
516
849
939
845
674
188
-209
-664
-1025
-1304
-1426
-1249
-1029
-1073
-1269
-1454
-1685
-1942
-2357
-2537
-2578
-2545
-2305
-2200
-2155
-2435
-2574
-2710
-3089
-3303
-3572
-3270
-2942
-2756
-2378
-2044
-697
551
979
1008
501
781
357
-808
-1091
-1202
-217
478
1024
1880
1365
1138
602
-192
-1072
-2387
-2085
-1367
-858
-598
-697
-210
-427
-906
-1300
-1807
-1775
-1720
-963
-358
-508
-373
-246
161
62
-381
-46
389
909
1012
854
851
379
186
166
-15
-37
-81
472
856
523
223
-340
-570
-920
-1483
-1388
-1443
-1050
-735
-620
-413
-882
-921
-1047
-1199
-1221
-1471
-979
-552
-346
-140
-162
79
81
57
212
215
599
1222
1930
2202
1956
1863
1778
1513
845
611
673
872
1317
1417
1647
1228
1034
927
417
192
-226
207
663
911
1088
996
1232
1017
814
594
346
404
499
906
971
778
623
494
419
-59
-446
-523
-470
-285
-364
-442
-582
-976
-1209
-1541
-1937
-2298
-2500
-2284
-2227
-2396
-2522
-2650
-2753
-3056
-3432
-3611
-3827
-3825
-3739
-3773
-3693
-3901
-3887
-3932
-4306
-4567
-4833
-4695
-4635
-4546
-4098
-3263
-1772
-780
-464
-596
-834
-984
-1932
-2595
-2776
-2347
-1378
-787
211
408
-43
-477
-1337
-1995
-3181
-3694
-3108
-2533
-1982
-2013
-1795
-1695
-2232
-2688
-3234
-3438
-3557
-3231
-2402
-2173
-2128
-2129
-1862
-1711
-2096
-2115
-1864
-1426
-1107
-1014
-802
-995
-1408
-1518
-1643
-1734
-1863
-1703
-1154
-1069
-1241
-1656
-1994
-2213
-2781
-3006
-3073
-2915
-2585
-2479
-2133
-2290
-2606
-2723
-2928
-2937
-3245
-3171
-2747
-2465
-2148
-2136
-1947
-1886
-2009
-1890
-1952
-1883
-1770
-1284
-519
85
789
959
831
368
-370
-834
-1583
-1649
-1248
-657
232
356
602
82
-700
-1288
-2167
-2212
-2226
-1526
-616
-102
320
-62
-417
-989
-1626
-1913
-2009
-1399
-818
-385
-125
-379
-733
-1364
-1827
-2153
-2350
-1999
-1638
-1253
-1202
-1512
-1908
-2516
-3065
-3540
-3746
-3691
-3393
-3088
-2930
-3051
-3484
-3912
-4424
-4714
-5032
-5124
-4858
-4518
-4214
-4279
-4346
-4631
-4935
-5289
-5658
-5694
-5840
-5603
-5328
-5136
-4924
-4694
-3516
-2484
-1870
-1841
-2088
-1670
-2256
-2899
-3379
-3428
-2502
-2237
-1244
-617
-691
-810
-1589
-1825
-2863
-3833
-3749
-3371
-2481
-2478
-2307
-1823
-2139
-2469
-3187
-3466
-3581
-3744
-3065
-2617
-2306
-2314
-2304
-1873
-2054
-2333
-2438
-2124
-1570
-1493
-1313
-1197
-1323
-1399
-1625
-1586
-1627
-1776
-1430
-1141
-948
-1214
-1643
-1603
-1932
-2265
-2536
-2584
-2199
-2231
-1990
-1918
-2004
-2145
-2531
-2393
-2600
-2730
-2600
-2379
-1843
-1834
-1767
-1587
-1561
-1408
-1512
-1207
-775
-359
444
919
1087
668
91
81
-401
-651
-562
-251
672
704
968
792
220
-145
-998
-887
-1133
-962
-293
104
710
281
24
-262
-745
-862
-1239
-900
-558
-284
249
139
8
-522
-924
-1025
-1326
-1314
-1326
-885
-610
-761
-910
-1466
-1814
-2340
-2673
-2713
-2819
-2621
-2531
-2274
-2384
-2728
-3056
-3337
-3542
-3826
-3918
-3851
-3566
-3443
-3351
-3428
-3684
-3977
-4247
-4448
-4688
-4766
-4742
-4493
-4354
-4471
-4670
-4918
-4742
-4293
-3337
-2333
-1881
-1525
-1385
-1240
-1980
-3107
-3488
-3180
-2231
-1779
-897
-45
44
53
-834
-1591
-2627
-3409
-2936
-2485
-1678
-1467
-1126
-551
-1097
-1699
-2646
-3003
-2956
-3034
-2342
-1906
-1435
-1226
-1270
-1093
-1621
-1975
-2047
-1774
-1191
-1124
-783
-475
-423
-472
-939
-1068
-1130
-1189
-788
-544
-266
-345
-579
-533
-960
-1312
-1654
-1694
-1305
-1239
-960
-839
-848
-901
-1309
-1417
-1688
-1831
-1675
-1396
-860
-769
-614
-377
-285
-52
88
642
1161
1401
1616
1438
1340
918
624
638
790
1284
1513
1877
1937
1694
1213
620
379
126
227
520
993
1363
1310
1240
940
548
104
-117
58
285
559
785
945
921
632
352
163
70
-6
48
275
369
423
239
-21
-303
-645
-843
-1064
-990
-903
-968
-962
-1011
-1078
-1350
-1586
-1738
-1921
-1969
-2050
-1927
-1794
-1783
-1803
-1938
-2016
-2249
-2420
-2543
-2605
-2554
-2595
-2424
-2430
-2508
-2578
-2805
-2857
-2882
-2460
-1700
-1014
-547
-385
-105
-155
-642
-1239
-1520
-1220
-902
-358
252
776
1007
838
659
97
-515
-945
-816
-387
-261
56
336
579
518
64
-245
-568
-679
-673
-484
-149
-84
94
235
299
227
45
160
273
421
518
657
936
986
1001
878
900
876
844
989
1119
1271
1167
1192
1176
1161
1010
748
786
734
835
1005
1064
1160
1082
1066
1033
956
825
730
886
1061
1238
1388
1678
1997
2278
2456
2490
2407
2287
2246
2070
2050
2079
2244
2571
2718
2978
2816
2683
2578
2241
2095
1871
2116
2345
2544
2730
2649
2741
2521
2225
2013
1883
1840
1774
2131
2336
2320
2214
1966
1949
1710
1550
1655
1583
1760
1991
2005
1835
1549
1353
1163
1223
1143
1067
1215
1230
1243
1101
716
813
543
426
687
423
702
607
600
668
398
500
412
324
334
204
385
289
387
472
273
327
273
198
-204
-288
-155
-190
-160
84
191
186
-26
-111
-328
-330
-107
60
388
662
1006
1166
1199
899
718
635
746
1008
1132
1366
1780
1828
1755
1601
1500
1505
1334
1371
1357
1458
1646
1788
1792
1624
1556
1434
1446
1662
1600
1516
1628
1693
1700
1697
1912
1986
1882
1902
1987
2061
2073
2211
2264
2161
2011
1996
2099
2290
2433
2471
2536
2570
2480
2392
2254
1972
1974
2076
2136
2279
2202
2194
2224
2120
2257
2097
2028
2204
2398
2646
2569
2616
2551
2416
2219
2143
2421
2376
2571
2723
2952
2912
2595
2800
2459
2363
2183
2310
2431
2549
2992
2840
2734
2665
2627
2176
2211
2157
2308
2372
2365
2471
2484
2268
2023
2384
2196
2242
2141
1847
1707
1738
1691
1804
1791
1800
1820
1758
1659
1616
1655
1093
673
1152
1597
1675
1539
962
1017
1150
1008
1091
1427
864
639
965
857
1096
1099
323
621
550
406
1013
191
351
558
253
431
274
128
119
143
751
619
269
400
324
43
1
274
124
362
405
483
658
688
331
-22
-223
-187
200
305
380
366
545
-34
-53
25
-457
-74
390
337
128
-398
-854
-228
313
242
12
109
159
253
-181
-112
-94
-316
270
372
391
400
484
390
179
599
495
265
326
707
490
-67
287
307
653
628
1112
696
727
840
244
227
257
787
903
1053
854
954
837
944
935
617
760
1126
1341
1085
439
794
1032
1151
1275
1220
1518
1334
1189
933
1093
772
984
988
1008
1304
1399
1324
936
1229
1029
1224
1532
859
803
1179
1043
1074
840
921
1012
1246
1246
1118
1247
1040
986
1038
819
1110
892
440
1825
1427
304
502
1247
1336
825
583
733
783
1086
843
367
748
804
1388
539
114
202
814
584
653
888
196
414
378
605
13
-14
400
600
-130
509
422
114
340
332
-66
-580
-182
-354
373
433
-193
-630
-128
-40
-29
-350
-204
-256
-758
-761
-427
117
-107
54
-536
-1033
-290
-385
-618
-399
-1106
-436
-269
-440
-221
-524
-984
-1133
-886
-1113
-508
-902
-810
-599
-519
-118
-494
-862
-1406
-1314
-1253
-1210
-709
-461
-597
-84
-665
-1950
-1764
-1223
-814
-1225
-1340
-680
-34
-498
-996
-1471
-1611
-575
-1149
-1036
-794
-773
-505
-455
-997
-1747
-1369
-815
-719
-864
-528
-713
-1523
-1946
-527
-1354
-1325
-4
-728
-590
-1522
-1486
-936
-828
-545
-381
-1139
-897
-801
-1600
-623
-732
-392
-1022
-861
-122
-800
-389
-1672
-1788
-185
322
-1190
-1255
-543
-1241
-836
-1184
-212
-502
-526
-608
-1478
-1263
-1157
-336
-721
-1260
-765
-436
-469
-409
-938
-1188
-368
-807
-1415
-317
-1392
-488
-125
-919
139
-1723
-1767
217
-101
-487
-1543
-1967
-504
-899
-1209
-426
-559
-176
-437
-1733
-723
-849
-659
168
-1823
-788
-611
-922
-491
-1257
-900
-1085
-472
-559
-892
-677
-586
-1444
-996
-1068
-1302
-389
-599
-424
-1492
-806
-730
-1613
-823
-224
-1175
-1493
-731
-1398
-332
-422
-1297
-1045
-899
-837
-1232
-1806
-976
-1021
-536
-282
-1815
-1288
-895
-818
-1436
-1229
-1668
-1417
-341
-1106
-1422
-463
-746
-1337
-1803
-1237
-768
-1501
-1122
-1227
-1533
-871
-144
-1890
-1691
-1211
-1158
-1829
-751
-512
-1245
-867
-1664
-1555
-2808
-634
-387
-632
-402
-2043
-1167
-1885
-1515
-1002
-2197
-915
-128
-825
-1870
-1322
-1347
-1863
-1485
-749
-1421
-1542
-327
-1210
-1894
-1651
-1048
-1404
-941
-1386
-510
-1723
-1292
-1325
-1295
-906
-2011
-281
-1438
-739
-1174
-1542
-567
-413
-2112
-1050
-1113
-1980
-594
-244
-304
-1507
-1410
-1447
-1346
-947
-729
-1533
-727
-1364
-743
-792
-1867
-1150
-1600
-685
-839
-1391
-1274
-1049
-975
-1331
-1308
-803
-1184
-1138
275
-1520
-1371
-1080
-1248
-598
-1561
-735
-1511
-810
-1132
-463
49
-1135
-1892
-2159
-737
-472
-1435
-515
-1461
-1426
668
-1673
-345
-1689
-1109
-337
-1931
-993
-1743
-428
768
-1370
-1854
-1441
-1225
656
-455
-2032
-1323
-541
-843
-967
-1133
-1186
-1073
-442
-798
-533
-1109
-1021
-439
-137
-1804
-1286
-1127
-1292
215
-1610
-704
-1192
-449
-245
-1190
-868
-1029
-868
-1195
-505
232
-1249
-853
-1420
-814
231
-1184
-731
-815
-916
-306
-1173
-1365
-287
-677
-419
-504
-1430
-700
-294
-1191
-208
-964
-16
293
-1990
-885
-420
-1277
-743
-101
-705
-762
283
-879
-954
-620
-1170
461
-1086
-843
-672
-875
-242
-1161
223
-938
-947
567
-1537
-1165
430
-1165
-502
14
-1322
-1218
-206
501
-697
-1206
-81
-162
-1665
-834
633
123
-806
-476
-804
-1768
-70
519
26
-954
-1053
138
-299
-369
-1018
209
-732
-1155
440
-1023
133
260
13
-726
-572
-745
277
-434
-931
704
-1317
-565
116
1046
-737
-1140
-293
-641
83
789
-1344
-329
211
-552
-93
-1034
631
-918
-600
-238
-89
97
1049
147
-2147
-273
290
-348
829
-493
-67
-1544
-821
1572
-1336
68
-298
170
567
-775
-1141
-155
-516
-536
140
217
-110
34
67
-782
181
-550
57
-781
-1076
363
-657
-54
466
-666
32
-896
-189
-128
-595
672
-546
-634
-124
-1449
-100
-388
-243
1774
-1653
-139
-165
-2251
4
-304
329
23
-1276
428
-1282
119
543
-976
-1027
-500
-622
-591
327
-869
171
-692
-259
-343
-1437
-878
269
-1051
52
299
-1375
-130
-546
-1163
563
-1112
-693
-388
-381
398
-1952
269
-1461
-835
222
389
-777
-1062
-294
-1127
-227
-606
-6
-538
-534
140
-795
-894
-656
-734
48
-392
-614
-754
-1367
-349
-62
52
37
-2068
1075
-279
-1533
-588
-899
-1158
508
704
-1693
-370
-1046
1014
-1508
-849
-46
-570
-122
-1319
-428
-530
16
-487
-545
-242
-347
-513
-926
-1262
-778
-284
526
-889
-1105
-72
-418
-643
-550
-1452
-823
-69
-979
219
-1486
-822
657
-701
-509
-1059
-1084
-739
-729
-779
-382
-380
-750
-614
-279
-260
-775
-1071
-476
-936
-1120
-796
-743
203
-411
-311
-485
-893
-803
-1303
-260
-480
-958
106
-168
-1356
-343
-949
-1062
1087
-1011
-1392
-685
-936
646
-282
-1321
-334
-1293
-1103
19
-314
-207
-85
-803
-465
-959
-1053
73
-273
-456
-1149
-839
186
72
-709
-108
-1297
-497
429
-1334
452
-153
-531
-433
-1622
-437
-138
584
125
-1017
-586
-450
-215
141
367
6
-1307
-721
95
-373
-178
-431
-270
-269
-110
-49
-497
-576
134
-146
-304
-358
-657
-366
-504
-344
942
-280
-856
194
-561
833
-438
-1279
-407
492
507
-1732
-343
947
-416
317
-653
-443
244
-675
524
-1022
-941
561
446
-1729
237
588
-759
1396
-753
-391
-181
-606
768
47
-804
-428
-327
291
309
-251
667
-1174
-949
886
533
-84
-1315
49
-17
-706
731
-400
-1589
546
889
36
-471
149
-610
-1591
456
356
-656
-304
414
-57
41
-996
83
946
-815
-1082
-78
0
-602
-429
-214
65
-238
-510
-392
748
-376
-1195
111
-920
-497
768
-750
504
-748
-521
269
-1317
363
59
-37
181
-893
-401
429
-711
194
-1051
-511
416
-258
157
-671
-194
-101
-326
144
153
-761
-248
-901
-128
628
-473
-808
740
652
-1083
-666
-164
450
-257
-680
759
-486
-549
-176
-541
373
-527
-35
45
111
299
-200
-826
-608
269
249
-592
464
-616
-559
80
-410
934
-151
-643
-733
433
-769
-188
912
-247
146
-104
-931
-328
-811
559
601
-623
502
-1037
268
-383
-582
382
-187
-19
0
-543
196
372
249
-479
-1312
126
716
426
-1378
268
132
59
628
-1020
-545
547
-376
179
-170
-490
1312
156
-298
-232
-293
-840
503
293
-348
121
-140
792
726
-939
-49
-650
-695
1190
26
788
-629
-809
423
362
100
87
56
-285
1069
98
-881
-207
157
441
209
393
520
-874
-50
472
-355
553
469
-82
454
-254
149
-618
-307
1138
-329
809
-734
-346
647
337
365
-784
-814
-39
311
-148
891
-116
438
-585
-984
874
-509
-406
374
426
157
-671
-432
104
622
-373
-191
345
-916
75
49
-260
249
118
52
358
-1266
-906
807
63
122
-679
-641
-115
338
1146
537
-1469
-1152
53
-156
-595
144
378
-357
-220
47
-368
-1795
739
-224
-69
876
-1450
-227
208
-960
-210
-690
-363
410
-278
393
-1404
-648
-617
88
-643
-141
155
-462
-456
-326
156
-1873
643
-225
-445
81
-482
-228
-543
-1161
145
-343
-20
1193
-1621
-651
-536
-845
286
76
31
-497
-1783
53
561
-931
-774
-991
-135
786
-1348
296
-774
-715
910
-1980
-637
-344
18
-255
-244
-837
119
219
-1106
-1394
-749
278
-308
-63
-407
-409
-434
-399
-27
-182
-1741
-300
-197
-479
-11
340
-634
-1065
-347
-947
262
9
262
-1516
-657
-655
154
960
-1312
266
-104
-1745
-240
76
35
162
-1298
105
-412
127
32
-1175
-1023
222
-308
135
-102
-580
50
-351
522
-1329
-863
710
-237
-691
-43
-58
-177
-421
2000
-41
-1475
-543
-282
-468
100
435
55
903
-1392
-370
513
92
-74
-593
-175
-99
-131
650
458
-301
-692
589
894
543
-844
-251
-71
-419
1147
354
886
101
-601
1280
131
-1497
681
709
1151
440
-754
-769
422
1300
1366
799
-425
376
544
465
-1061
-35
1137
1038
821
1124
924
-1088
-62
1221
679
1384
780
550
778
-612
-368
455
943
1845
1646
469
1169
310
-221
26
650
983
744
1317
1317
1741
233
16
64
824
374
985
1512
908
1288
504
1209
387
694
269
1719
1341
459
520
453
1338
889
945
1191
592
549
1218
112
945
1327
617
457
1790
1222
880
387
150
1372
1068
1034
1141
666
675
1433
1384
760
1177
977
1160
1944
327
-145
1156
2243
1078
940
1093
1796
1030
-302
1331
815
449
2633
2342
482
630
1024
702
872
912
1527
2197
1525
1927
127
493
769
1530
1070
946
2310
1052
1530
1240
669
1297
646
729
1334
376
1850
1195
1220
1167
1082
-103
782
1554
1249
1840
819
649
893
1365
1387
1101
1120
1623
514
1846
166
1421
2306
356
1417
1665
231
773
1970
1621
1391
635
1109
77
1876
2064
472
1430
979
1162
1298
1438
1063
294
2273
318
599
2227
480
1555
1418
1543
1216
-49
934
1507
1712
1430
-632
2089
146
945
2906
581
2749
369
181
320
1635
429
1445
2052
22
1349
1169
819
1097
1166
771
1827
-51
1281
1087
796
1146
923
1131
635
828
1228
923
758
1598
477
1035
1716
1191
363
432
1476
1434
779
666
786
1434
986
765
1528
1585
1243
561
407
1011
841
1202
1100
855
1058
809
1357
1140
880
671
188
1002
1504
1079
1150
726
144
1196
1442
617
1239
681
523
1348
633
707
1223
940
893
229
995
822
1102
1102
99
1466
829
892
1206
620
699
868
672
968
901
891
1653
291
1162
1060
-189
1397
798
1162
1055
685
1426
1438
152
-433
1188
1468
1236
700
949
1169
379
504
1070
785
808
1308
1162
200
802
1059
5
1449
1180
231
1397
556
868
1328
1253
-218
-534
2489
1173
422
-90
1621
1503
9
1426
213
474
628
474
996
1402
-73
1766
1142
-47
855
552
443
760
1502
-269
-127
2151
1533
-443
1243
-270
1184
861
-7
1058
467
1590
-4
-50
946
1067
1474
-271
436
2017
-555
433
551
1460
905
551
-195
359
1609
496
994
-580
835
-191
1028
1186
391
653
109
363
621
758
-58
775
170
873
439
457
665
-371
970
-313
113
1884
-724
274
596
-391
505
505
509
410
-453
589
578
-959
581
1077
64
-368
113
-10
708
379
-780
210
-75
66
1124
236
-375
-898
-145
424
407
-147
-317
77
97
90
-528
216
-560
9
347
-896
23
1097
171
-1271
-799
357
436
-431
-644
105
-597
253
-460
-677
966
-913
-84
-404
-250
-316
-47
-587
-1304
913
754
21
-1323
-246
-22
-925
-246
-156
-347
267
165
-848
199
-542
-1727
577
-465
-438
677
-1057
-127
117
-375
-1057
-146
31
-880
-78
-933
221
-215
-1012
100
-292
-798
-572
101
-828
130
120
-1049
-52
-1045
-398
534
-325
-574
200
-616
-437
-49
-728
580
-1251
-852
-376
-64
266
-124
-562
-518
-200
-454
-664
-405
121
-283
-416
-183
-336
-1950
359
591
-401
-145
-654
-851
-507
-483
37
-420
-666
-256
153
-263
-390
-184
-1503
-600
41
-984
-445
350
-1990
-165
255
-1207
-538
-427
-921
120
-251
-507
-349
-1744
317
-278
-1293
-771
-827
-219
-532
-763
-710
-1008
233
-938
-1557
-468
-1475
-150
-151
-1028
-355
-1338
-828
-558
-1079
-643
-545
-931
-1487
-1112
-661
-506
-398
-1446
-1129
-730
-1639
-263
-828
-757
-731
-1376
-744
-1333
-808
-1032
-900
-1060
-1000
-814
-905
-540
-862
-1458
-1458
-971
-1819
-437
-988
-1125
-437
-1442
-671
-1486
-587
-959
-1152
-1114
-2014
-1501
-1125
-271
-710
-895
-1318
-920
-1168
-1309
-1475
-1527
-861
-1079
-503
-881
-1566
-1699
-1588
-523
-1122
-1159
-1605
-1824
-228
-1295
-896
-1409
-1214
-1530
-2000
-652
-1119
-1282
-1559
-1280
-1414
-1698
-1104
-1277
-1085
-454
-1282
-2271
-2341
-656
-1170
-1549
-815
-1087
-1270
-2540
-952
-579
-1510
-1976
-2002
-1548
-1358
-968
-1032
-1149
-1102
-1310
-2589
-1075
-990
-1436
-1420
-1695
-1806
-695
-1180
-1982
-588
-994
-1377
-2251
-1540
-1580
-1387
-1321
-1471
-1401
-1304
-1609
-1697
-1344
-2029
-1858
-1557
-801
-1294
-1464
-1178
-1462
-1354
-1247
-1560
-1457
-1600
-1313
-1144
-1413
-957
-1293
-1135
-1528
-1903
-1412
-1793
-1313
-936
-1708
-1048
-1191
-1690
-1582
-1565
-1122
-943
-1400
-1493
-1377
-1723
-1448
-1326
-1442
-1385
-954
-1171
-1373
-1408
-1730
-1877
-1625
-1393
-1201
-1287
-1556
-1143
-1302
-1625
-1599
-1655
-1555
-1335
-1247
-1291
-1272
-1298
-1403
-1415
-1616
-1447
-1225
-956
-827
-975
-1272
-1612
-1369
-1379
-1313
-1214
-1060
-1042
-1278
-1247
-1314
-1262
-1048
-1044
-1272
-1303
-1366
-1304
-1305
-1222
-1033
-885
-856
-1113
-1248
-1241
-1104
-1159
-999
-977
-1171
-1160
-1098
-1060
-910
-661
-643
-1186
-1309
-1480
-1626
-1291
-1039
-796
-859
-802
-1091
-1214
-1330
-1309
-1317
-1415
-1240
-1304
-1278
-1226
-1255
-1390
-1501
-1528
-1376
-1266
-1295
-1334
-1457
-1682
-1758
-1679
-1679
-1688
-1625
-1505
-1391
-1526
-1732
-1704
-1679
-1690
-1818
-1900
-1859
-1958
-1976
-1966
-1968
-1991
-1962
-1969
-2048
-2155
-2108
-2037
-1827
-1633
-1502
-1261
-994
-766
-743
-606
-752
-773
-863
-868
-764
-768
-716
-590
-469
-503
-544
-618
-556
-615
-709
-889
-953
-970
-1024
-953
-888
-902
-822
-734
-643
-582
-599
-597
-569
-479
-510
-432
-407
-419
-317
-211
-123
-7
149
274
399
361
269
250
234
207
164
115
152
195
416
616
659
675
502
462
414
172
154
196
302
508
564
698
702
721
759
745
810
795
743
904
871
757
781
724
779
687
636
609
601
609
659
638
432
340
327
266
265
232
161
151
153
124
51
-93
-288
-413
-561
-668
-752
-804
-838
-731
-673
-859
-1153
-1384
-1469
-1607
-1675
-1709
-1786
-1849
-1969
-2077
-2171
-2355
-2589
-2603
-2598
-2708
-2694
-2774
-2710
-2639
-2724
-2763
-2954
-3153
-3177
-3212
-3247
-2863
-2031
-846
52
445
666
639
148
-576
-1273
-1505
-1390
-1118
-220
380
697
593
321
187
-474
-1124
-1400
-1281
-1027
-1016
-984
-894
-900
-892
-787
-598
-565
-470
-239
-131
-242
-540
-696
-588
-424
-141
126
528
902
1001
1059
855
474
70
-192
-172
-166
-228
-80
188
400
364
204
62
-143
-399
-663
-754
-896
-947
-800
-588
-347
-260
-149
43
96
34
-123
-179
-214
-311
-160
-5
188
353
469
747
830
644
556
491
415
329
237
273
334
424
437
486
536
482
517
529
525
651
854
1211
1577
1760
1832
1811
1665
1589
1382
1277
1347
1325
1632
1594
1621
1534
1268
1297
1025
1010
981
1012
1235
1231
1241
1175
1094
1117
1048
1106
1122
1124
1260
1217
1275
1158
1059
1140
1075
1195
1116
1043
1026
934
884
622
445
368
255
241
175
-78
-248
-431
-555
-731
-918
-1053
-1140
-1230
-1506
-1526
-1635
-1673
-1613
-1690
-1609
-1859
-2127
-2285
-2341
-2288
-2494
-2410
-2241
-2194
-2190
-2448
-2556
-2717
-2972
-3078
-3254
-3232
-3229
-2727
-1642
-643
74
217
259
146
-655
-1348
-1917
-1933
-1299
-730
347
736
920
775
193
-255
-1173
-1701
-1744
-1438
-938
-773
-610
-358
-409
-464
-692
-839
-904
-965
-749
-720
-706
-772
-695
-313
-98
232
311
433
547
353
180
-136
-295
-254
-104
131
265
276
299
203
126
-180
-602
-635
-725
-678
-715
-654
-544
-644
-544
-582
-553
-578
-611
-568
-567
-556
-587
-514
-307
-148
31
179
218
333
292
137
108
41
116
279
437
620
562
607
568
424
294
149
129
185
308
543
1001
1553
1983
2185
2025
1677
1236
783
513
326
783
1203
1842
2227
2134
1988
1339
1012
578
327
463
753
1276
1650
1758
1741
1372
1259
1053
883
911
763
1014
1127
1221
1283
1227
1318
1303
1263
1212
969
853
739
607
597
575
634
679
568
440
69
-213
-472
-619
-583
-574
-453
-551
-626
-706
-890
-1076
-1180
-1274
-1274
-1364
-1285
-1306
-1486
-1631
-1804
-1675
-1906
-1941
-1946
-1899
-1818
-2149
-2255
-2471
-2457
-2591
-2694
-2511
-2294
-1548
-347
491
635
194
-112
-196
-1022
-1492
-1498
-398
771
1394
1884
1624
1168
317
-467
-897
-1219
-1052
-279
551
1008
702
395
54
-357
-689
-1042
-966
-599
-242
128
257
392
407
304
462
408
334
117
139
418
548
712
939
1170
1341
1160
893
571
253
165
121
338
515
710
858
730
463
27
-312
-483
-486
-376
-275
0
215
267
199
2
-165
-267
-237
-73
47
170
339
430
591
610
585
618
672
763
775
736
723
789
874
951
988
1143
1259
1338
1281
1210
1268
1367
1777
2104
2036
1779
1484
1380
1125
915
957
1270
1816
2013
1974
1489
1153
919
643
691
804
1154
1547
1792
1754
1316
960
844
740
822
880
1106
1407
1492
1392
1130
982
919
891
871
765
739
734
600
509
456
381
356
235
163
14
-389
-639
-841
-770
-594
-535
-438
-467
-591
-968
-1504
-1778
-1773
-1627
-1463
-1226
-1010
-1037
-1341
-1761
-2012
-2155
-2289
-2227
-1946
-1761
-1697
-1925
-2169
-2295
-2561
-2777
-2924
-2856
-2641
-2247
-1204
-74
101
-663
-1400
-1206
-1235
-1763
-2034
-1201
597
1475
1322
594
176
-122
-688
-1108
-1191
-530
497
1166
1277
720
-17
-430
-600
-672
-929
-848
-201
513
661
230
-133
-80
-11
-202
-622
-583
-124
206
362
335
516
743
651
364
-78
-342
-224
-93
240
522
746
886
802
465
-140
-555
-637
-456
-104
120
237
393
391
55
-494
-838
-827
-549
-355
-230
-19
144
171
-39
-332
-405
-344
-229
-98
17
164
298
379
369
280
230
264
298
389
485
682
990
1289
1359
1238
1300
1461
1349
781
457
742
1275
1495
1312
1197
1288
1360
859
204
25
381
769
844
773
723
775
674
355
-53
-136
133
419
515
480
437
466
489
313
80
-43
102
311
278
138
77
178
268
101
-168
-350
-403
-363
-546
-758
-736
-641
-617
-864
-1134
-1273
-1368
-1485
-1578
-1552
-1491
-1521
-1648
-1779
-1903
-2011
-2171
-2256
-2211
-2094
-2076
-2171
-2246
-2285
-2390
-2523
-2628
-2679
-2607
-2625
-2704
-2785
-2680
-2667
-2873
-3112
-3128
-2933
-2685
-2137
-1457
-1303
-1954
-2700
-2584
-2013
-1721
-1820
-1647
-739
-200
-625
-1610
-1911
-1346
-740
-839
-1049
-746
-73
47
-730
-1316
-1201
-522
-287
-559
-836
-652
-325
-417
-809
-913
-563
-236
-365
-737
-867
-761
-539
-521
-607
-527
-358
-274
-452
-819
-973
-852
-607
-401
-406
-438
-486
-484
-621
-874
-964
-810
-543
-449
-513
-687
-741
-733
-756
-861
-868
-706
-557
-613
-769
-864
-801
-655
-642
-640
-593
-506
-486
-569
-648
-608
-462
-251
-203
-231
-249
-215
-126
-146
-157
-38
272
489
444
413
505
686
591
324
258
512
939
933
718
490
515
619
408
200
238
512
645
440
100
28
179
181
-57
-230
-163
-61
-90
-287
-467
-428
-324
-349
-426
-474
-467
-471
-586
-663
-625
-543
-475
-460
-546
-631
-707
-776
-817
-873
-804
-735
-788
-847
-976
-1078
-1179
-1181
-1150
-1208
-1194
-1285
-1357
-1452
-1518
-1601
-1621
-1567
-1580
-1611
-1729
-1828
-1908
-1890
-1874
-1902
-1935
-1898
-1893
-1949
-2053
-2154
-2188
-2127
-2113
-2176
-2143
-2158
-2200
-2289
-2352
-2326
-2332
-2343
-2343
-2390
-2368
-2344
-2304
-2238
-1997
-1745
-1772
-2101
-2399
-2234
-1817
-1449
-1465
-1590
-1517
-1361
-1404
-1636
-1685
-1317
-863
-765
-994
-1225
-1133
-834
-761
-883
-919
-752
-511
-541
-730
-823
-647
-461
-422
-498
-532
-425
-353
-375
-441
-399
-265
-179
-168
-190
-205
-212
-205
-192
-166
-105
-82
-25
-78
-108
-156
-171
-140
-142
-111
-198
-226
-255
-234
-255
-289
-292
-297
-298
-305
-313
-414
-457
-413
-400
-393
-394
-399
-390
-418
-443
-473
-414
-355
-325
-304
-320
-304
-238
-246
-244
-186
-162
-96
-77
-78
-58
19
108
163
189
159
124
113
141
278
421
430
373
314
274
269
236
254
351
401
387
296
204
171
197
239
196
98
60
40
13
-18
-72
-70
-78
-130
-180
-271
-321
-360
-351
-328
-346
-410
-531
-585
-600
-633
-651
-654
-684
-707
-775
-834
-904
-952
-944
-985
-1044
-1079
-1145
-1192
-1224
-1327
-1282
-1302
-1333
-1369
-1436
-1453
-1501
-1536
-1606
-1571
-1588
-1599
-1652
-1686
-1716
-1733
-1758
-1819
-1819
-1845
-1818
-1835
-1860
-1878
-1861
-1845
-1874
-1940
-1952
-1979
-1964
-1957
-1998
-1928
-1934
-1948
-1956
-2016
-2038
-2095
-2082
-2061
-2098
-2045
-2074
-2062
-2004
-2009
-2018
-2052
-1989
-1933
-1914
-1858
-1852
-1795
-1800
-1757
-1688
-1687
-1644
-1585
-1498
-1478
-1412
-1393
-1301
-1261
-1256
-1162
-1166
-1124
-1062
-1015
-991
-927
-896
-835
-794
-787
-713
-688
-640
-585
-560
-465
-362
-369
-410
-375
-285
-287
-293
-258
-197
-157
-158
-182
-184
-157
-145
-92
-141
-149
-146
-174
-204
-234
-205
-206
-192
-206
-256
-306
-347
-386
-385
-400
-341
-346
-415
-415
-460
-396
-423
-491
-501
-501
-486
-464
-522
-470
-359
-446
-442
-325
-393
-455
-332
-358
-234
-215
-191
-118
-150
-72
-40
22
5
21
107
178
186
233
253
-64
91
329
150
331
29
213
212
169
253
-34
71
-6
163
48
26
-109
-25
-107
-163
-224
-333
-257
-305
-317
-420
-477
-554
-496
-581
-574
-729
-724
-771
-839
-925
-943
-1012
-1028
-1009
-1068
-1124
-1217
-1194
-1231
-1311
-1352
-1319
-1421
-1429
-1464
-1466
-1568
-1525
-1502
-1609
-1659
-1679
-1643
-1709
-1693
-1713
-1726
-1733
-1742
-1772
-1806
-1793
-1832
-1872
-1880
-1860
-1874
-1902
-1932
-1896
-1854
-1926
-1966
-1958
-1952
-1971
-2022
-2014
-2069
-2103
-2061
-2067
-2090
-2115
-2156
-2150
-2109
-2130
-2135
-2187
-2165
-2155
-2193
-2164
-2166
-2173
-2168
-2156
-2153
-2117
-2103
-2059
-2036
-2055
-1995
-1944
-1900
-1886
-1843
-1782
-1751
-1680
-1654
-1660
-1564
-1517
-1435
-1342
-1350
-1337
-1343
-1311
-1230
-1175
-1118
-1056
-1060
-995
-971
-923
-863
-822
-784
-751
-666
-646
-646
-642
-587
-553
-518
-451
-411
-396
-373
-346
-322
-287
-261
-264
-210
-171
-160
-125
-103
-121
-94
-77
-85
-4
18
16
12
29
53
76
61
67
87
72
79
71
107
138
161
136
108
141
214
208
220
252
260
278
306
320
347
414
376
402
433
437
452
452
477
572
627
608
586
631
638
646
660
674
722
729
770
718
695
735
748
741
757
749
756
720
697
695
708
713
671
642
573
580
559
518
474
466
450
384
349
300
294
252
222
201
112
76
57
-15
-38
-46
-74
-118
-159
-175
-212
-263
-306
-293
-272
-322
-389
-418
-441
-458
-485
-490
-500
-556
-554
-559
-596
-574
-597
-605
-605
-613
-617
-661
-690
-655
-677
-714
-708
-759
-764
-782
-767
-775
-806
-834
-846
-886
-890
-879
-898
-914
-951
-944
-972
-1016
-1026
-1002
-1036
-1019
-1023
-1064
-1050
-1073
-1079
-1122
-1137
-1083
-1079
-1057
-1086
-1072
-1047
-1056
-1038
-1026
-1007
-1004
-954
-954
-959
-911
-861
-832
-822
-801
-746
-750
-706
-622
-593
-540
-512
-474
-466
-471
-392
-360
-372
-338
-321
-258
-264
-200
-115
-95
-72
-68
-25
-11
46
39
76
127
160
198
187
212
226
252
281
377
431
410
454
464
466
525
545
551
576
604
654
676
671
700
717
733
773
809
837
834
852
867
859
876
887
886
903
924
930
964
967
969
993
974
994
1012
1037
1054
1020
1056
1080
1086
1078
1074
1085
1063
1075
1090
1100
1105
1115
1095
1084
1082
1105
1102
1091
1099
1080
1064
1038
1033
998
1007
1043
1026
992
993
959
928
928
944
889
872
857
830
798
744
732
688
701
647
644
585
558
572
528
469
428
448
420
365
327
305
268
247
222
202
120
128
124
62
56
47
22
7
-29
-41
-23
-87
-97
-87
-98
-124
-147
-156
-193
-186
-203
-237
-252
-297
-317
-379
-374
-361
-378
-403
-451
-432
-460
-462
-459
-496
-520
-531
-538
-576
-606
-606
-615
-640
-610
-604
-615
-644
-645
-627
-682
-678
-675
-705
-704
-698
-661
-662
-692
-674
-695
-687
-644
-640
-637
-617
-604
-594
-587
-581
-574
-576
-532
-508
-507
-485
-479
-487
-441
-420
-435
-401
-372
-385
-387
-329
-350
-339
-315
-306
-284
-276
-230
-230
-224
-180
-181
-187
-166
-169
-111
-112
-110
-80
-102
-92
-84
-67
-71
-37
-8
7
1
16
22
-10
-5
27
76
50
26
31
33
30
25
48
47
67
106
48
59
85
68
82
91
118
122
95
49
68
104
107
85
77
72
76
95
91
114
108
73
59
77
89
101
90
67
102
69
57
76
22
22
40
40
27
-7
-19
-60
-68
-82
-80
-57
-100
-133
-115
-120
-140
-151
-168
-150
-185
-161
-200
-239
-235
-277
-293
-293
-265
-269
-283
-316
-344
-356
-354
-365
-361
-412
-419
-417
-430
-439
-444
-461
-473
-459
-479
-431
-474
-497
-514
-535
-547
-565
-558
-583
-569
-565
-604
-620
-619
-650
-664
-653
-637
-669
-706
-688
-694
-679
-677
-746
-746
-763
-773
-773
-791
-798
-799
-807
-793
-806
-837
-809
-838
-823
-827
-862
-851
-844
-871
-868
-852
-845
-862
-883
-886
-895
-912
-914
-878
-868
-892
-887
-848
-885
-856
-822
-819
-844
-843
-786
-798
-798
-772
-785
-794
-759
-759
-734
-731
-732
-736
-753
-728
-719
-704
-693
-722
-701
-670
-729
-692
-691
-755
-713
-681
-656
-713
-733
-691
-696
-699
-715
-727
-762
-721
-685
-720
-730
-742
-758
-759
-764
-755
-745
-771
-768
-750
-759
-781
-785
-802
-815
-758
-737
-770
-793
-793
-796
-791
-786
-776
-759
-794
-824
-795
-764
-777
-786
-785
-765
-766
-751
-775
-799
-776
-771
-800
-810
-783
-743
-738
-771
-771
-795
-790
-792
-796
-809
-812
-794
-787
-832
-828
-809
-809
-830
-819
-789
-856
-846
-837
-839
-864
-866
-867
-905
-898
-876
-912
-906
-877
-926
-975
-979
-936
-874
-849
-916
-988
-1122
-1032
-837
-824
-892
-1003
-1033
-983
-969
-936
-883
-937
-902
-942
-1004
-984
-911
-835
-863
-880
-969
-996
-957
-895
-838
-851
-868
-935
-954
-929
-882
-835
-834
-848
-901
-906
-889
-840
-828
-846
-878
-893
-832
-908
-1042
-1057
-866
-567
-684
-943
-1094
-1056
-826
-792
-744
-797
-838
-955
-981
-965
-831
-679
-749
-822
-983
-1001
-944
-807
-794
-803
-659
-638
-883
-1000
-976
-713
-607
-643
-753
-874
-812
-801
-743
-709
-601
-655
-694
-752
-760
-713
-612
-554
-574
-650
-707
-731
-655
-408
125
720
-449
-2295
-2151
-667
1033
939
-369
-1202
-1441
-944
-546
47
340
211
-672
-1312
-1230
-496
234
302
-101
-717
-910
-836
-324
110
148
-405
-738
-767
-487
-176
-100
-132
-319
-513
-595
-454
-266
-72
-94
-280
-385
-446
-268
-194
-204
-195
-186
-143
-264
-183
-177
-145
-242
-259
-212
-134
-61
-156
-194
-235
-150
-159
-124
-102
-82
-122
-92
623
1536
395
-2195
-2199
-18
2140
1656
-556
-1592
-1200
-71
467
789
521
-1
-1087
-1098
-180
632
676
12
-471
-736
-408
-276
409
831
933
-275
-1621
-1008
187
1134
1215
1193
563
-1752
-2307
-240
2363
2252
-225
-2034
-1464
326
1133
943
-269
-294
-143
77
-129
157
396
140
-175
-706
-222
-110
258
186
-11
-341
-570
-217
194
510
57
-357
-452
-67
269
105
-23
-336
-39
30
6
159
85
178
-312
-120
359
821
111
-645
-467
163
839
257
8
-264
0
107
135
23
-81
1
-203
-109
-251
-18
-110
-55
-201
-202
0
-169
47
-158
-41
-34
-230
-47
143
516
-188
-433
-210
420
734
-5
-240
-284
233
29
141
156
-18
-360
-486
114
149
190
-349
-287
-368
-64
2
-142
317
-46
-161
-579
86
325
28
-86
-126
79
-439
-47
12
722
458
-565
-609
-152
1051
460
-159
-531
-169
208
-27
378
8
-11
-374
-497
61
656
495
-770
-622
-151
669
452
-396
35
-111
-284
-209
273
366
279
-340
-333
-23
-111
103
321
469
-254
-678
-420
631
714
-158
-621
-203
222
-69
-198
43
191
-21
-622
-269
488
89
-405
-338
427
101
-540
-212
594
404
-524
-438
45
516
323
81
-187
-357
-273
-80
495
331
-363
-767
-88
551
130
-567
-441
190
146
-222
-473
98
428
-444
-512
-3
281
-186
-199
-175
-390
-37
-361
147
-45
-707
-561
-125
394
-223
-1064
-407
386
-51
-667
-498
-376
-191
-159
-130
-153
-595
-531
-225
21
-92
-322
-458
-424
-445
106
-42
-307
-536
-540
0
-60
-185
-448
-511
-126
112
-509
-432
-192
-61
-167
-230
125
-670
-763
194
349
-343
-834
-580
135
376
-443
-668
-504
-192
121
-232
-440
-464
-379
-400
-52
-260
-419
-414
-321
64
-521
-612
-166
156
-490
-870
-174
201
134
-684
-613
-124
-158
-119
-216
-199
-324
-295
-91
-125
-496
-457
167
253
-359
-676
32
249
-137
-182
-108
234
11
-104
237
210
118
77
242
445
391
305
259
379
485
448
679
583
394
398
471
790
692
537
382
452
699
827
683
337
474
578
821
837
692
341
276
649
684
765
571
372
300
359
468
539
380
76
213
413
447
141
-136
9
91
69
32
73
37
-248
-244
-58
-97
-172
-304
-171
-15
-302
-310
-257
-371
-424
-312
-125
-307
-536
-812
-424
-86
-355
-588
-756
-646
-647
-506
-442
-735
-1058
-837
-817
-956
-793
-811
-969
-1388
-1277
-1022
-766
-934
-1474
-1540
-1449
-1243
-1254
-1353
-1504
-1747
-1914
-1888
-1721
-1711
-2032
-2330
-2270
-2006
-1650
-987
-1207
-2089
-2246
-1486
-480
-980
-1489
-742
25
-376
-1257
-686
300
261
-297
-340
375
535
114
6
63
225
323
403
236
-161
-185
22
-39
-296
-291
-57
-35
-521
-666
-483
-416
-440
-688
-641
-489
-454
-506
-778
-722
-591
-552
-393
-430
-320
-392
-478
-396
-242
-146
-203
-175
-192
-219
-273
-133
-179
-247
-301
-223
-102
-237
-129
224
496
362
-206
-189
-108
-73
602
629
825
314
-303
75
76
483
719
582
576
229
320
314
418
689
424
715
673
627
633
396
473
525
667
813
755
721
480
320
443
265
348
529
397
239
-74
-259
-67
-323
-597
-716
-679
-700
-949
-904
-1208
-1467
-1735
-2022
-1730
-1538
-1559
-1815
-2569
-3052
-2946
-2375
-1816
-2075
-2820
-3144
-3138
-2913
-2831
-2993
-2525
-2532
-2998
-3380
-3703
-3327
-3075
-3261
-3418
-3546
-3322
-3330
-3669
-3972
-4131
-3814
-3689
-3825
-4080
-4330
-4365
-4260
-4224
-3269
-1409
-561
-2739
-5469
-5171
-2043
700
-300
-1726
-1539
-1334
-1544
-2000
-1102
327
107
-583
-1223
-739
-174
-559
-863
-1674
-1627
-622
-67
-486
-1587
-2307
-2008
-1879
-1786
-1283
-694
-1013
-2268
-2851
-2440
-1595
-1118
-1234
-1390
-1225
-1182
-1118
-1206
-1075
-944
-661
-388
-249
137
127
-78
-440
-683
-262
391
626
417
-67
-295
-371
-314
-343
-226
-5
-119
-497
-838
-851
-762
-747
-904
-846
-648
-525
-743
-948
-1046
-1025
-791
-529
-332
-241
-171
-179
-161
236
1072
1258
1290
1527
1400
1556
1428
1352
2219
2329
2461
2377
1653
1719
1476
1586
1762
1729
1937
1583
1465
1134
753
1120
920
1073
1239
1114
1146
673
687
741
856
1100
1116
1320
1306
1082
1085
724
876
1369
1406
1564
1078
707
750
532
466
232
436
577
97
47
-408
-672
-880
-1230
-772
-863
-1139
-1462
-2161
-1820
-1543
-1656
-1710
-2148
-2203
-2181
-1950
-1635
-2026
-2224
-2206
-2263
-2093
-2214
-1939
-1965
-2484
-2759
-3096
-2349
-1902
-2213
-2690
-3346
-3006
-3024
-3301
-3169
-3347
-3230
-2374
-61
1158
-1506
-4320
-4663
-1435
1447
628
408
291
-302
-1336
-2125
-403
1300
1421
631
-546
-475
-327
-61
12
-1187
-1299
-552
126
-119
-974
-1331
-1577
-2136
-2002
-999
208
117
-1056
-1895
-2264
-1394
-581
-225
28
29
-22
-329
-505
-70
41
81
-41
286
1000
850
637
16
-483
-500
-176
364
502
172
-273
-816
-1160
-1283
-1001
-505
-459
-771
-1115
-1136
-1119
-1222
-1301
-1022
-735
-545
-580
-495
-399
-503
-553
-466
-72
351
656
664
388
39
21
300
549
588
631
640
472
189
-24
50
799
2396
3039
729
-956
-212
799
2276
1676
1238
1602
301
347
384
471
1512
1381
886
174
429
1319
1047
1068
169
151
1107
1123
1440
1189
712
438
7
359
1183
1607
1426
536
74
-254
230
714
351
429
204
-217
-319
-503
-506
-711
-983
-890
-834
-735
-1030
-1011
-1412
-1960
-1955
-1953
-1359
-1070
-1411
-2233
-2862
-2408
-2159
-1791
-1369
-2048
-2184
-2703
-2965
-2595
-2817
-2284
-2288
-2875
-2911
-3054
-3169
-3338
-3761
-3548
-3305
-3233
-3176
-3494
-3783
-3951
-4381
-4388
-3644
-2557
-175
1671
-499
-4239
-5176
-2473
1214
1169
401
928
326
-976
-2235
-1333
439
707
162
-917
-1026
-328
-532
-1126
-2501
-2806
-1924
-1203
-825
-919
-1282
-2109
-3064
-3435
-2321
-665
203
-269
-1161
-1717
-1542
-1093
-584
-110
374
606
212
18
129
184
-272
-783
-700
134
627
532
-83
-1018
-1734
-1832
-1514
-1177
-775
-785
-1160
-1842
-2313
-2199
-1775
-1493
-1343
-1363
-1112
-915
-962
-1087
-1109
-818
-697
-468
-76
302
402
138
-256
-373
-226
209
425
280
12
-236
-360
-558
-704
-705
-637
-677
-780
-974
-1013
-1003
-801
373
2188
1671
-654
-878
-275
707
1532
1495
2133
1375
362
405
68
629
1455
1211
266
-25
835
694
284
34
-521
-258
-14
205
566
466
10
-508
-1035
-532
495
737
682
386
-206
-612
-315
2
-141
215
129
-486
-795
-1115
-652
-1098
-1655
-1141
-1491
-1559
-1310
-1482
-1706
-2424
-2604
-2488
-2842
-2083
-1525
-2384
-2854
-2805
-2814
-2666
-2657
-2239
-2088
-2767
-2758
-3019
-3326
-2741
-2817
-3152
-3357
-3061
-2827
-3426
-3366
-3272
-3724
-4191
-4052
-3389
-3541
-3741
-3835
-4040
-2232
921
1578
-1754
-4505
-3534
-542
879
406
1085
1434
-52
-1681
-2166
-605
1218
634
-977
-1735
-1037
-405
-658
-1385
-2144
-2511
-2540
-1971
-1123
-447
-496
-1519
-2952
-2959
-1429
-30
509
148
-356
-564
-575
-125
400
842
1069
540
170
468
1033
901
-103
-680
-510
-263
-25
231
78
-606
-1487
-1847
-1665
-1127
-557
-497
-875
-1239
-1319
-1040
-790
-573
-400
-334
-91
174
437
687
740
564
266
272
777
1106
1143
978
653
357
173
277
376
228
61
-130
-281
-275
-304
-298
-331
-491
-522
-501
-299
225
840
1756
2268
1418
1281
2167
2229
2387
2158
2216
2767
2185
2255
2298
1775
1863
1344
798
824
1285
1603
968
738
662
537
743
763
998
1306
1207
1144
1112
1330
1700
1673
1630
1690
1756
1729
1708
1811
1502
1134
1198
645
541
724
479
400
-426
-629
-295
-669
-517
-588
-929
-1007
-1352
-974
-863
-1413
-1084
-931
-1134
-1179
-1147
-763
-898
-1274
-1184
-1287
-1473
-1156
-1035
-1415
-1786
-1636
-1744
-2182
-2185
-2133
-2208
-2596
-2712
-2486
-2286
-2473
-2778
-2992
-3026
-2577
-2287
-1436
1736
3895
1084
-2349
-2746
-24
2779
2061
1767
2848
2141
766
-555
-121
1864
1317
-425
-1065
-148
1139
548
-507
-1387
-2163
-2114
-1637
-584
738
833
-29
-1369
-1685
-260
874
1253
1283
1218
1485
1439
1517
1906
1814
1714
1268
1052
1762
2490
2223
912
-83
-67
90
154
459
776
425
-492
-990
-823
-354
1
-117
-223
97
445
803
959
1005
1088
896
1001
1506
2011
2408
2414
2018
1670
1478
1572
1764
1690
1693
1556
1240
1072
1050
1044
713
258
135
302
681
865
817
718
573
486
532
768
1367
1716
1652
1616
1631
1832
2582
4957
7253
4615
1225
1994
2040
3528
4481
3692
4447
2412
1110
1584
712
2155
2638
509
429
1385
2801
2393
2072
2024
529
1034
2016
2936
4427
4175
3102
1968
1543
3009
3530
3374
3411
2833
2206
1853
2284
1948
1045
1088
138
187
1081
1325
1251
-176
-1009
-1021
-1044
221
849
604
229
-390
-608
-983
-497
431
184
-243
-222
-219
-95
-53
-275
-903
-1400
-1404
-1033
-932
-834
-1078
-2013
-2440
-2489
-2298
-1944
-2010
-2083
-2638
-2890
-2298
-1116
2057
4462
2049
-1732
-2638
41
3169
2663
2346
3261
2746
1326
8
788
2592
1521
-481
-1354
-248
1716
1256
122
-958
-1963
-2355
-2225
-669
1024
998
108
-1160
-1258
-7
879
1290
1110
885
1355
1570
2057
2646
2381
1735
813
601
1541
2565
2382
1178
50
-229
-177
-56
172
395
11
-931
-1307
-810
-185
-64
-480
-804
-573
-192
315
884
1111
962
606
487
971
1613
2077
1997
1565
1332
1264
1361
1428
1305
1013
597
404
481
621
751
396
-308
-667
-600
-160
49
49
134
40
-107
-135
109
613
810
698
553
691
1079
1318
1371
1236
1054
985
1087
2195
4716
5581
2853
654
-392
233
2645
2302
2484
2636
1043
589
-396
57
1820
488
-272
-68
787
2505
2138
1858
723
-212
433
779
2375
3720
3061
2086
639
628
1414
1724
2168
1509
895
955
635
931
584
-354
-864
-1627
-1124
-171
318
239
-980
-2074
-2341
-2159
-1277
-644
-590
-1054
-1561
-1508
-1365
-1388
-1649
-2169
-1952
-1552
-1105
-859
-1469
-1885
-2508
-3131
-2770
-2318
-2119
-1869
-2534
-3141
-3346
-3614
-3215
-2990
-3311
-3357
-2888
-789
2081
1845
-712
-2874
-3097
-442
1139
1264
1609
1169
1135
405
-946
-211
342
64
-782
-2037
-838
495
531
-318
-2538
-3181
-2843
-2368
-1074
-715
-433
-816
-1905
-1770
-1334
-723
-11
-370
-791
-402
310
1113
1440
861
30
-379
-191
303
826
952
622
16
-722
-928
-737
-328
-499
-1294
-1680
-1317
-1100
-962
-1081
-1492
-1572
-1776
-1656
-1006
-475
-208
-397
-778
-582
-351
61
312
348
476
285
319
661
712
752
373
37
61
49
416
422
66
-307
-654
-689
-518
-570
-584
-724
-807
-773
-845
-673
-515
-499
-669
-829
-714
-414
-4
128
-11
21
8
110
352
617
989
1329
1527
1929
2624
2129
1062
566
-86
930
2045
1695
1834
880
282
357
-401
133
280
158
642
125
599
798
572
858
-88
-52
324
656
1937
1804
1431
973
364
846
875
1174
1441
994
1076
622
477
591
29
-132
-610
-795
-438
-299
-186
-602
-1157
-1569
-1928
-1622
-1399
-1184
-1152
-1416
-1574
-1919
-1833
-1588
-1466
-1451
-1783
-1820
-1598
-1341
-1077
-1390
-1765
-2049
-2117
-1877
-1625
-1476
-1628
-1991
-2228
-2349
-2372
-2233
-2248
-2347
-2310
-1797
-264
1008
602
-693
-2273
-2170
-312
763
1268
837
310
790
531
539
745
455
587
-115
-356
276
694
1406
902
-227
-883
-1429
-744
142
367
246
-570
-710
-327
-64
170
-124
-341
-396
-433
19
653
1164
1193
608
85
65
517
995
1147
990
766
647
783
1027
1041
854
414
106
168
338
646
760
570
283
-56
-166
19
194
350
223
76
105
127
349
408
408
303
44
116
364
654
814
628
479
407
418
583
679
707
651
500
515
584
600
686
579
449
325
174
257
407
461
424
148
-4
115
147
219
134
29
70
-32
17
98
139
215
60
28
372
919
1402
1348
707
121
-51
422
1107
1295
1149
760
421
503
695
753
601
216
85
139
363
804
859
689
289
-198
-208
-32
441
702
420
180
-141
-82
197
191
137
-82
-412
-368
-53
215
220
-116
-485
-617
-597
-471
-284
-377
-551
-708
-840
-803
-702
-662
-797
-1070
-1207
-1148
-1040
-924
-948
-1234
-1510
-1691
-1655
-1389
-1227
-1423
-1634
-1664
-1744
-1749
-1856
-1857
-1816
-1839
-1881
-2045
-2024
-1872
-1808
-1988
-2304
-2452
-2369
-2171
-2117
-2302
-2505
-2577
-2569
-2569
-2576
-2500
-2175
-1543
-1015
-1122
-1780
-2399
-2127
-1303
-822
-832
-1095
-906
-540
-413
-301
-358
-423
-626
-932
-721
-328
25
176
-38
-330
-767
-1029
-834
-493
-294
-479
-791
-754
-538
-345
-369
-631
-843
-967
-934
-593
-201
50
-23
-318
-438
-407
-259
-114
-49
-41
-99
-78
207
431
446
283
-26
-114
-55
108
316
335
331
155
-113
-166
-77
49
19
-128
-190
-189
-98
-13
-40
-113
-362
-489
-387
-226
29
53
-118
-216
-274
-195
-113
44
138
-6
-74
21
163
289
239
148
117
59
159
218
330
388
232
61
51
187
318
257
150
98
27
49
103
238
362
462
752
1362
1613
1182
380
-309
183
1066
1401
1487
975
736
707
411
609
448
187
144
-4
525
803
779
721
72
-247
-564
-515
365
669
683
240
-294
-55
-11
96
77
-132
-43
-183
97
513
396
78
-544
-707
-492
-381
-162
-214
-494
-867
-1263
-1185
-1015
-1074
-1233
-1542
-1578
-1485
-1542
-1671
-1846
-1974
-2139
-2198
-2105
-1968
-1962
-2046
-2125
-2340
-2409
-2528
-2491
-2354
-2558
-2634
-2681
-2661
-2508
-2742
-2922
-2981
-3224
-3255
-3344
-3271
-3159
-3380
-3528
-3639
-3636
-3375
-2779
-1733
-956
-1373
-2608
-3306
-2474
-1096
-538
-907
-1247
-988
-686
-628
-506
-494
-785
-1378
-1726
-1165
-476
-214
-526
-1121
-1712
-2207
-2155
-1506
-1070
-1322
-1968
-2151
-1639
-1249
-1288
-1557
-1768
-1862
-1832
-1369
-631
-180
-384
-870
-1001
-689
-310
-89
7
-106
-303
-345
-22
387
411
-120
-591
-679
-524
-261
-150
-270
-533
-919
-1133
-986
-771
-703
-868
-1042
-1088
-958
-757
-577
-522
-685
-827
-736
-368
37
149
101
42
72
172
338
591
713
587
389
367
546
759
649
501
334
227
246
266
387
335
129
-114
-228
-110
32
-3
-7
-80
-143
-30
436
1202
1379
970
676
1121
1956
1882
1423
1113
1396
2038
2021
2007
1930
1615
1428
1004
1047
1386
1285
1406
1153
977
962
736
1116
1128
756
637
599
1225
1415
1204
1161
998
1091
1037
1148
1610
1673
1560
1350
1336
1593
1554
1456
1236
1113
948
845
939
860
486
84
-101
-19
-65
-133
-140
-383
-595
-832
-923
-907
-955
-987
-925
-791
-736
-822
-886
-922
-909
-985
-1005
-915
-858
-839
-966
-959
-1044
-1207
-1256
-1212
-1244
-1487
-1756
-1854
-1722
-1663
-1783
-1939
-1947
-1569
-270
1038
1059
-373
-1934
-1278
441
1258
969
457
1020
1325
818
672
780
862
300
-509
34
779
1073
968
203
-503
-1282
-1374
-395
174
-23
-581
-769
-278
-204
-379
-311
-261
-292
-472
-197
789
1232
955
428
242
476
669
919
1188
1045
643
406
579
922
722
297
-28
-162
-169
-159
54
119
-330
-792
-922
-619
-310
-408
-494
-469
-524
-446
-268
77
213
-39
-99
87
387
589
643
652
550
368
374
556
781
783
473
210
119
216
285
211
104
-129
-262
-180
-98
-134
-211
-319
-359
-347
-357
-156
17
21
-41
-108
46
217
279
299
284
310
407
459
515
524
610
1152
1623
1229
409
29
906
2131
1984
1573
896
641
904
495
946
1252
910
895
430
746
1136
676
971
472
237
675
779
1814
1667
951
905
536
1102
1266
1186
1681
1263
1147
1049
963
1477
1070
757
770
609
992
845
724
560
-91
-211
-219
-44
89
-154
-192
-395
-687
-682
-571
-468
-718
-1097
-1046
-821
-711
-850
-944
-1029
-1241
-1189
-1019
-843
-968
-1486
-1648
-1509
-1442
-1229
-1479
-1640
-1673
-2108
-1984
-2033
-2107
-2133
-2721
-2610
-2542
-2600
-2256
-1611
232
1578
637
-1201
-2437
-975
1091
1041
773
683
1298
1475
370
282
499
41
-490
-1104
-278
555
366
161
-829
-1857
-2264
-2070
-859
-579
-987
-938
-960
-714
-832
-851
-407
-495
-672
-381
251
1095
1049
618
411
176
179
384
712
875
274
-193
-187
-136
-96
-472
-738
-909
-1280
-1284
-944
-783
-1033
-1599
-1633
-1334
-1183
-995
-910
-720
-737
-964
-712
-345
-150
-174
-337
-191
-15
6
133
118
-36
-307
-498
-320
-237
-312
-429
-703
-961
-1184
-1134
-909
-985
-1204
-1352
-1341
-1186
-1153
-1171
-1095
-1099
-1097
-1097
-935
-662
-588
-621
-658
-632
-545
-481
-455
-449
-553
-675
-662
-659
-713
-820
-938
-1055
-1174
-1265
-1188
-837
-450
-640
-1237
-1523
-1291
-678
-623
-589
-547
-616
-578
-671
-503
-334
-488
-558
-498
-378
47
183
369
77
-456
-363
-202
84
100
-183
-94
-226
-329
-276
-340
-158
-393
-672
-519
-442
-218
-189
-363
-273
-493
-425
-233
-207
-134
-345
-328
-254
-418
-437
-516
-602
-760
-1012
-1004
-1016
-1187
-1338
-1579
-1560
-1517
-1537
-1511
-1653
-1695
-1829
-1953
-2005
-2034
-2032
-1948
-1906
-1954
-1992
-1982
-2050
-2157
-2346
-2294
-2093
-1984
-1955
-2076
-2218
-2544
-2841
-2813
-2521
-2370
-2609
-3082
-3273
-3446
-3269
-3149
-3358
-3662
-3980
-3095
-846
1175
955
-1517
-3569
-2572
-548
305
168
345
913
253
-812
-735
-95
-422
-1691
-2418
-1730
-816
-336
-316
-1226
-2746
-3620
-3125
-1936
-1482
-1386
-1201
-1317
-1727
-1737
-949
-429
-866
-1434
-1049
-196
522
732
551
25
-627
-784
-333
208
249
-242
-828
-1095
-1081
-965
-976
-1286
-1770
-2118
-1921
-1469
-1256
-1425
-1794
-1941
-1901
-1693
-1282
-817
-676
-900
-1092
-940
-566
-322
-310
-426
-537
-540
-328
-183
-330
-569
-826
-1070
-1199
-1084
-838
-804
-1228
-1699
-1829
-1649
-1442
-1481
-1580
-1609
-1500
-1378
-1327
-1160
-1064
-1105
-1202
-1162
-925
-657
-545
-639
-766
-841
-772
-784
-851
-916
-1021
-1088
-1153
-1168
-1219
-1433
-1597
-1666
-1577
-1390
-1435
-1513
-1418
-1290
-1221
-1268
-1199
-967
-862
-790
-795
-776
-695
-620
-547
-611
-674
-649
-616
-644
-732
-795
-668
-597
-673
-739
-771
-745
-739
-711
-654
-729
-742
-707
-681
-632
-613
-575
-651
-688
-672
-613
-570
-524
-528
-531
-536
-611
-600
-625
-646
-671
-775
-790
-763
-861
-939
-1031
-1083
-1142
-1259
-1356
-1436
-1462
-1471
-1641
-1814
-1748
-1803
-1762
-1820
-1900
-1820
-1924
-1960
-1955
-1908
-1834
-1920
-2045
-2070
-2176
-2212
-2130
-1978
-1898
-2217
-2409
-2389
-2347
-2334
-2478
-2422
-2503
-2661
-2808
-2843
-2826
-2948
-3090
-3181
-3190
-3371
-3445
-3491
-3560
-3661
-3416
-2210
-213
1057
-230
-2620
-3329
-1735
-145
-356
-510
69
365
-356
-1193
-957
-866
-1804
-2595
-2589
-1877
-904
-651
-1066
-2522
-3791
-3548
-2865
-2249
-1919
-1599
-1264
-1730
-1914
-1394
-1020
-1098
-1538
-1524
-776
-130
335
370
-312
-867
-1228
-1064
-713
-635
-630
-1068
-1577
-1573
-1523
-1475
-1756
-2263
-2367
-2369
-2031
-1576
-1570
-1797
-2131
-2163
-1802
-1538
-1198
-956
-997
-1079
-1043
-750
-492
-648
-778
-820
-869
-765
-742
-663
-853
-1237
-1473
-1567
-1479
-1372
-1392
-1470
-1700
-1930
-1814
-1648
-1560
-1677
-1727
-1545
-1341
-1162
-1078
-1055
-1001
-1002
-950
-819
-684
-568
-585
-681
-741
-826
-802
-781
-974
-1120
-1204
-1211
-1232
-1222
-1311
-1465
-1569
-1642
-1629
-1556
-1489
-1418
-1360
-1323
-1303
-1230
-1166
-1034
-273
1266
1703
-112
-1315
-1059
185
440
68
440
171
-71
-449
-610
-548
-834
-1189
-1211
-1256
-499
64
-13
-486
-1399
-1335
-855
-506
-29
270
352
122
-293
-25
144
111
-65
-150
-61
243
254
234
-295
-758
-619
-761
-570
-386
-407
-690
-1268
-1220
-832
-1012
-902
-1036
-971
-824
-996
-692
-832
-1106
-1209
-1405
-961
-739
-739
-602
-944
-1154
-1316
-1341
-1179
-1435
-1642
-1478
-1499
-1483
-1501
-1670
-1746
-2042
-2046
-1914
-1819
-1597
-1584
-1714
-1802
-2120
-2345
-2316
-2262
-2208
-2457
-2511
-2191
-2208
-2361
-2807
-3257
-3334
-3241
-2279
-431
1100
992
-1207
-2697
-1703
-380
68
-495
79
791
450
-108
-262
-306
-1057
-2086
-2187
-1562
-749
-23
-381
-1414
-2572
-2808
-2336
-1910
-1781
-1218
-911
-851
-1012
-694
-294
-557
-1106
-1036
-400
242
787
709
506
-85
-310
-332
-354
-164
-154
-472
-724
-808
-536
-674
-1129
-1490
-1704
-1613
-1341
-1059
-882
-1052
-1292
-1243
-1154
-923
-760
-511
-444
-499
-369
-25
150
-25
-311
-425
-300
-201
-98
-47
-208
-488
-736
-846
-885
-875
-855
-899
-1047
-1102
-1037
-963
-947
-1025
-1063
-1018
-747
-511
-392
-309
-380
-377
-331
-269
-169
-123
-115
-114
-98
-113
-121
-230
-419
-600
-614
-508
-340
-89
-147
-426
-493
-441
-470
-576
-399
-17
138
58
26
65
50
-41
-57
79
162
321
386
538
593
425
288
203
157
165
269
354
373
336
325
202
55
87
154
183
253
354
427
402
420
351
318
332
352
410
469
569
597
431
230
226
256
249
173
125
188
97
17
-92
-257
-226
-275
-343
-341
-460
-510
-599
-621
-550
-585
-665
-821
-812
-614
-510
-607
-768
-999
-979
-1025
-861
-728
-717
-776
-1093
-1193
-1257
-1180
-1125
-1211
-1401
-1482
-1603
-1717
-1829
-1840
-1882
-2010
-2154
-2174
-2231
-2379
-2420
-1345
1329
2759
806
-1916
-1838
476
1269
222
621
1703
1778
665
276
891
479
-743
-1355
-1237
-349
530
700
-32
-1611
-2103
-1712
-1461
-1233
-727
-121
-146
-664
-224
468
451
-197
-410
86
779
1358
1642
1487
906
664
551
530
696
776
528
-38
-220
243
275
-159
-710
-1009
-982
-967
-615
-225
-380
-625
-811
-567
-265
-153
112
90
1
169
572
929
831
531
409
350
470
629
757
655
328
122
26
-56
-82
-135
-219
-362
-500
-485
-347
-222
-367
-592
-619
-341
-51
106
160
145
152
168
293
429
473
530
544
504
532
564
570
408
166
129
94
82
57
-7
-86
-315
-378
-330
-386
-457
-454
-347
-239
-247
-208
-154
-139
-109
-29
122
217
293
344
451
568
955
1457
1173
459
314
824
1231
828
750
884
770
691
431
472
493
262
162
160
284
605
559
519
265
159
390
561
693
748
857
930
805
832
987
956
885
864
1032
994
1084
1023
892
723
672
705
678
654
674
583
497
430
413
497
391
482
499
541
573
636
645
543
559
732
826
800
709
685
677
630
642
651
691
601
517
544
525
477
325
202
231
210
354
273
178
155
45
93
42
115
141
134
127
39
54
95
-28
-140
-223
-200
-141
-159
-226
-371
-538
-617
-585
-642
-671
-751
-900
-989
-1024
-1102
-866
-388
186
315
-6
-36
268
501
502
522
768
869
867
969
1114
1130
817
581
317
280
401
513
445
219
54
8
-155
-192
-195
-201
-181
-231
-24
146
306
286
226
258
353
473
672
784
888
956
965
970
981
959
817
689
612
718
709
631
544
392
212
69
-2
12
-16
-57
-125
-145
-102
-113
-71
-91
-106
-27
129
273
360
373
443
444
479
521
535
663
627
604
614
550
507
462
385
317
252
213
195
163
110
43
-24
-59
-55
-32
-17
-28
6
90
183
209
198
205
282
372
412
449
506
517
511
567
876
1511
1744
1156
692
755
1213
1230
831
1098
1134
995
812
661
758
585
272
208
326
754
961
788
731
426
426
581
712
918
1011
1088
1053
966
1145
1114
937
811
822
995
1069
1117
977
824
603
496
443
438
574
511
357
237
272
372
247
43
15
114
189
232
221
196
68
-33
-87
-18
111
93
-2
-144
-184
-219
-294
-273
-374
-420
-463
-573
-530
-688
-823
-861
-938
-943
-1005
-981
-1006
-1241
-1359
-1399
-1516
-1624
-1606
-1314
-500
259
492
100
-333
-89
176
126
285
696
1140
1135
850
927
843
367
-90
-253
-57
147
176
239
-86
-463
-803
-1066
-1049
-971
-800
-662
-593
-465
-302
-234
-323
-484
-439
-241
60
317
535
721
666
538
461
469
504
399
316
239
317
327
157
0
-273
-520
-700
-786
-683
-634
-723
-867
-945
-907
-953
-942
-911
-874
-774
-622
-382
-234
-251
-246
-221
-200
-102
-26
129
148
117
110
-43
-80
-154
-229
-285
-409
-466
-464
-503
-625
-780
-903
-969
-976
-966
-948
-922
-886
-864
-857
-849
-829
-781
-783
-653
-524
-449
-403
-353
-338
-404
-402
-402
-384
-338
-362
-450
-497
-544
-644
-756
-850
-873
-893
-922
-947
-967
-996
-1123
-1156
-1158
-1090
-1052
-986
-907
-870
-830
-809
-741
-707
-650
-603
-550
-492
-437
-406
-392
-443
-469
-501
-506
-478
-499
-540
-551
-599
-620
-622
-672
-726
-797
-803
-788
-800
-779
-753
-734
-735
-794
-767
-736
-708
-668
-630
-609
-576
-508
-458
-499
-529
-507
-586
-560
-524
-494
-497
-574
-581
-656
-717
-733
-778
-760
-744
-795
-830
-908
-884
-819
-858
-873
-878
-840
-780
-742
-684
-720
-751
-666
-645
-668
-600
-571
-645
-708
-659
-453
-453
-499
-610
-683
-487
-410
-544
-665
-650
-536
-646
-654
-472
-516
-649
-807
-711
-500
-468
-575
-562
-440
-62
107
61
-188
-284
-140
-103
-22
63
134
143
39
-87
43
25
-61
-283
-258
-161
-114
-45
-31
-159
-288
-405
-383
-263
-186
-92
-232
-273
-170
-111
-133
-148
-211
-193
-247
-154
-83
-73
-133
-262
-344
-309
-160
-178
-337
-359
-396
-431
-447
-418
-458
-591
-564
-679
-641
-672
-687
-760
-808
-768
-758
-778
-721
-774
-793
-835
-868
-781
-839
-802
-838
-830
-868
-885
-908
-886
-966
-919
-1001
-918
-869
-968
-983
-1111
-1088
-1103
-1121
-1140
-1194
-1231
-1177
-1274
-1242
-1173
-926
-730
-722
-772
-819
-779
-768
-751
-596
-428
-423
-436
-405
-349
-453
-569
-624
-624
-587
-540
-497
-527
-602
-646
-781
-832
-833
-794
-698
-754
-725
-669
-707
-727
-760
-716
-708
-670
-545
-461
-401
-404
-403
-368
-339
-301
-284
-321
-307
-253
-223
-253
-300
-296
-354
-383
-404
-429
-430
-508
-499
-527
-576
-561
-589
-592
-580
-571
-571
-575
-499
-438
-459
-449
-441
-401
-294
-248
-239
-229
-181
-138
-144
-119
-95
-55
-39
21
140
171
59
2
181
353
211
71
140
265
294
207
236
321
345
254
187
244
301
262
246
307
363
322
276
294
293
290
266
276
329
368
304
270
243
215
176
137
85
-17
4
-64
-123
-187
-273
-317
-398
-497
-532
-538
-588
-646
-766
-726
-715
-749
-830
-828
-782
-847
-859
-887
-816
-869
-996
-1028
-971
-886
-928
-991
-1069
-1129
-1195
-1239
-1145
-726
40
596
156
-793
-904
-291
180
-89
-86
449
722
384
104
352
370
-214
-702
-328
246
554
229
58
-151
-531
-762
-668
-352
-275
-387
-419
-363
-249
-159
-399
-563
-693
-458
-206
12
158
198
32
-47
-27
103
224
163
77
-14
148
334
361
183
51
-112
-161
-234
-74
31
-110
-336
-443
-391
-326
-411
-563
-609
-621
-551
-500
-361
-310
-411
-520
-466
-400
-216
-158
-170
-159
-144
-68
-43
35
50
-13
-44
-32
3
127
135
58
-94
-168
-72
-55
-93
-155
-227
-244
-262
-263
-242
-318
-422
-468
-420
-400
-359
-287
-375
-431
-405
-394
-313
-279
-283
-294
-302
-248
-175
-156
-193
-222
-212
-127
-97
-78
-110
-173
-208
-263
-229
-174
-217
-264
-279
-283
-285
-287
-280
-339
-434
-444
-385
-302
-308
-417
-427
-396
-380
-395
-386
-326
-306
-326
-326
-288
-222
-213
-264
-292
-249
-160
-155
-172
-186
-186
-181
-198
-202
-141
-160
-180
-175
-205
-157
-173
-186
-258
-253
-227
-265
-240
-206
-223
-236
-241
-246
-221
-205
-168
-196
-201
-188
-161
-176
-144
-113
-43
-42
-94
-50
11
22
18
72
58
86
74
88
91
91
87
96
95
127
172
131
133
104
116
127
119
103
113
139
155
125
115
105
67
57
60
131
192
148
116
142
126
157
153
169
190
209
226
228
209
186
199
176
159
169
209
223
201
208
189
180
174
129
146
188
209
158
159
171
177
156
163
195
241
237
214
235
242
258
248
253
248
252
275
317
297
340
296
304
305
281
301
284
278
289
309
296
267
239
294
250
289
277
283
326
273
254
295
305
279
230
211
271
269
274
264
261
244
251
268
287
262
227
246
243
261
257
255
254
246
278
284
258
256
249
270
252
274
285
233
271
236
235
236
247
281
242
250
263
225
232
245
206
219
182
190
183
145
140
141
123
118
130
132
131
100
127
141
133
122
84
71
120
116
118
123
124
95
66
74
88
179
158
138
146
118
119
127
119
114
126
153
172
149
131
89
115
141
170
200
168
189
192
158
175
194
165
178
193
229
234
216
239
206
220
241
241
279
277
282
297
286
295
267
259
266
292
312
312
317
323
355
340
318
339
406
391
350
338
353
371
399
375
348
388
397
411
400
399
414
414
403
458
494
471
451
483
483
493
510
516
546
543
562
561
546
565
588
554
542
573
584
569
562
559
571
554
512
539
591
590
624
598
560
560
550
573
567
587
606
583
542
575
574
584
586
562
590
579
616
610
603
596
564
570
594
588
600
599
594
626
601
589
557
585
566
587
643
602
600
587
576
589
576
583
610
561
539
563
544
538
530
510
498
500
500
523
491
479
464
392
436
413
442
438
395
401
387
380
362
340
329
357
345
311
328
325
278
279
256
284
264
254
218
214
230
228
235
201
220
193
188
181
151
147
156
168
160
116
112
83
103
108
71
76
64
72
52
46
38
7
-14
-11
-41
-44
-29
-58
-10
-31
-55
-59
-88
-100
-115
-124
-123
-119
-147
-146
-121
-152
-182
-156
-182
-197
-181
-181
-216
-231
-211
-187
-175
-213
-227
-237
-205
-233
-262
-236
-278
-255
-266
-295
-273
-279
-290
-304
-339
-342
-362
-359
-342
-352
-333
-350
-363
-388
-406
-415
-441
-413
-385
-409
-413
-449
-460
-462
-434
-461
-502
-477
-462
-467
-504
-499
-523
-545
-533
-510
-482
-496
-520
-508
-529
-536
-544
-556
-568
-591
-591
-585
-582
-547
-584
-611
-589
-598
-560
-563
-554
-575
-573
-590
-593
-572
-584
-583
-569
-565
-601
-585
-597
-616
-639
-637
-611
-583
-590
-566
-586
-590
-557
-582
-583
-601
-585
-587
-571
-570
-595
-602
-585
-547
-521
-556
-611
-593
-597
-610
-616
-618
-593
-623
-591
-572
-593
-577
-583
-567
-554
-542
-544
-545
-590
-583
-572
-564
-564
-576
-561
-550
-520
-550
-525
-527
-550
-533
-546
-540
-498
-540
-567
-512
-493
-494
-510
-516
-519
-516
-495
-493
-523
-508
-515
-538
-548
-539
-483
-508
-554
-531
-520
-525
-499
-517
-530
-469
-490
-495
-470
-489
-505
-502
-487
-485
-474
-517
-530
-483
-507
-520
-509
-536
-529
-527
-508
-525
-542
-507
-550
-568
-551
-547
-515
-559
-572
-521
-546
-549
-530
-525
-511
-516
-481
-483
-507
-488
-513
-520
-522
-510
-470
-476
-508
-495
-483
-524
-525
-543
-550
-554
-572
-549
-531
-566
-593
-560
-595
-598
-565
-557
-582
-598
-581
-589
-605
-606
-598
-613
-604
-583
-584
-595
-621
-625
-612
-595
-550
-567
-591
-599
-603
-633
-630
-612
-633
-625
-601
-598
-636
-623
-633
-660
-642
-604
-582
-581
-610
-612
-600
-593
-591
-614
-623
-623
-593
-622
-614
-595
-606
-602
-598
-568
-576
-558
-574
-595
-580
-568
-582
-586
-562
-574
-541
-560
-559
-564
-569
-537
-575
-562
-513
-507
-512
-524
-548
-527
-499
-496
-509
-517
-493
-496
-486
-474
-496
-515
-518
-518
-504
-502
-540
-514
-533
-537
-527
-565
-536
-513
-501
-503
-519
-536
-521
-530
-550
-515
-501
-525
-570
-538
-522
-557
-554
-551
-581
-588
-558
-544
-559
-576
-567
-589
-576
-549
-542
-573
-605
-608
-600
-558
-576
-557
-575
-589
-584
-582
-591
-582
-575
-606
-573
-582
-573
-574
-587
-586
-580
-592
-588
-604
-587
-575
-573
-593
-619
-581
-581
-580
-602
-604
-585
-574
-608
-595
-563
-565
-554
-551
-568
-577
-555
-552
-566
-544
-562
-577
-559
-541
-518
-561
-569
-546
-551
-537
-544
-545
-561
-561
-530
-550
-558
-556
-559
-564
-557
-533
-493
-532
-518
-491
-493
-510
-521
-519
-524
-528
-508
-496
-554
-517
-517
-503
-529
-539
-494
-532
-550
-526
-549
-548
-549
-566
-572
-595
-566
-568
-580
-573
-572
-607
-605
-573
-572
-560
-590
-601
-585
-602
-587
-589
-568
-546
-552
-559
-577
-563
-594
-610
-605
-614
-603
-611
-609
-621
-640
-627
-656
-648
-646
-675
-649
-669
-685
-656
-707
-721
-721
-725
-683
-753
-734
-700
-765
-747
-757
-757
-754
-765
-755
-779
-724
-754
-790
-775
-758
-716
-751
-784
-771
-774
-793
-758
-769
-775
-808
-802
-780
-812
-833
-851
-825
-822
-826
-831
-829
-800
-828
-830
-855
-836
-831
-832
-835
-904
-862
-868
-823
-865
-920
-928
-906
-884
-866
-856
-874
-870
-913
-866
-893
-889
-911
-921
-918
-925
-920
-917
-921
-951
-945
-959
-963
-951
-942
-961
-951
-958
-970
-982
-952
-947
-959
-982
-993
-1018
-1007
-958
-1019
-999
-983
-1019
-1017
-995
-1007
-1038
-1050
-1056
-1055
-1050
-1026
-1098
-1082
-1051
-1085
-1066
-1116
-1089
-1051
-1045
-1065
-1075
-1087
-1091
-1076
-1097
-1084
-1097
-1064
-1011
-1081
-1059
-1025
-1075
-1059
-1062
-1028
-1002
-1034
-1042
-1007
-1026
-1059
-1049
-1049
-1010
-1018
-1028
-1006
-1011
-1018
-1024
-997
-932
-894
-873
-722
-43
1010
482
-980
-379
485
-9
-437
-300
-164
-600
-758
-514
-644
-1070
-952
-592
-597
-902
-932
-762
-828
-784
-969
-1048
-598
-499
-778
-751
-372
-633
-888
-436
-224
-631
-1108
175
-510
-1070
277
-612
-1081
-585
-54
-363
-907
-550
272
-1218
-1036
832
-1103
-901
321
-572
-872
-433
18
-172
-1117
166
962
-778
-390
1091
534
-490
603
694
-244
186
374
339
-449
10
177
-1342
28
577
-671
-940
-248
-438
-641
-214
-180
-78
-203
-651
-316
302
-798
194
140
-736
61
-185
71
21
-466
-53
137
-405
-22
-123
-124
14
-637
-639
-203
-419
-541
-54
-440
-99
679
614
-137
-255
-168
557
120
-305
784
-16
4
104
-157
375
16
-663
869
450
-583
549
-4
-306
260
148
72
312
118
2
-197
467
336
192
23
-360
188
388
252
-75
-185
-33
83
-506
17
-208
-466
-161
-749
-422
-215
-566
-412
-738
-881
-585
-594
-465
-495
-589
-731
-724
-596
-457
-477
-653
-897
-361
-178
-321
-300
-565
-376
-466
-439
-227
-227
-167
-291
-539
-558
-234
-290
-379
-448
-558
-504
-578
-276
-273
-643
-788
-677
-649
-652
-607
-839
-914
-802
-836
-761
-602
-871
-910
-817
-1153
-844
-710
-917
-1000
-1177
-974
-878
-1014
-910
-832
-888
-1094
-1129
-741
-839
-1010
-861
-888
-1183
-1008
-743
-835
-1023
-1052
-1089
-1129
-862
-829
-1020
-1041
-949
-869
-1012
-1027
-777
-912
-974
-1038
-1074
-817
-602
-930
-1043
-1061
-1022
-960
-940
-818
-1060
-1045
-1028
-963
-1000
-1100
-1115
-1177
-1227
-1123
-947
-883
-1062
-1182
-1238
-1393
-1249
-1055
-1085
-1083
-1140
-1143
-1053
-1062
-1029
-1142
-1213
-1218
-1081
-891
-820
-866
-1082
-1168
-1095
-1094
-917
-771
-884
-1009
-985
-857
-895
-1011
-929
-971
-1067
-915
-808
-763
-714
-760
-971
-956
-795
-709
-723
-809
-753
-761
-744
-620
-697
-694
-683
-758
-638
-624
-584
-504
-673
-777
-759
-688
-612
-537
-503
-567
-585
-609
-591
-622
-703
-658
-635
-604
-375
-332
-464
-535
-556
-561
-478
-287
-265
-275
-269
-284
-260
-233
-232
-261
-255
-180
-97
-58
-75
-150
-171
-264
-286
-73
32
-21
-42
-88
-187
-168
-120
-162
-166
-91
-63
-25
22
34
-109
-223
-244
-177
-108
-49
38
-1
-22
-112
-186
-202
-86
-52
-42
66
140
82
27
17
-48
-43
36
98
69
95
111
89
25
32
3
-6
7
119
124
58
74
41
15
10
121
135
130
76
101
139
186
192
136
142
173
204
141
150
199
123
59
133
160
122
61
-2
-46
-57
16
10
-31
-2
6
-39
-54
-61
-124
-139
-161
-72
13
4
14
-22
-131
-241
-156
-120
-133
-98
-94
-132
-180
-163
-86
-127
-236
-280
-352
-253
-117
-109
-116
-134
-247
-297
-288
-209
-177
-253
-275
-266
-254
-300
-328
-300
-341
-382
-293
-281
-289
-223
-241
-401
-411
-403
-423
-352
-245
-291
-380
-374
-449
-456
-427
-459
-463
-395
-361
-346
-331
-301
-422
-587
-599
-606
-549
-449
-432
-462
-449
-439
-508
-511
-570
-669
-692
-630
-519
-399
-475
-611
-622
-609
-441
-407
-400
-467
-599
-678
-624
-459
-307
-349
-477
-525
-566
-484
-548
-540
-608
-675
-669
-611
-424
-351
-513
-730
-815
-787
-629
-528
-524
-563
-519
-547
-639
-623
-587
-651
-639
-612
-577
-397
-421
-499
-573
-678
-663
-636
-580
-473
-439
-493
-591
-609
-569
-594
-675
-753
-650
-566
-540
-569
-588
-670
-751
-758
-629
-473
-521
-595
-654
-600
-574
-594
-651
-687
-706
-661
-602
-539
-560
-633
-763
-820
-739
-741
-661
-674
-711
-688
-755
-846
-765
-722
-793
-770
-835
-821
-698
-766
-748
-720
-794
-776
-806
-766
-737
-766
-789
-784
-782
-803
-830
-923
-875
-809
-875
-849
-895
-967
-885
-853
-793
-905
-982
-1014
-1026
-941
-888
-810
-809
-789
-886
-938
-908
-924
-930
-954
-913
-899
-918
-836
-828
-896
-993
-1075
-999
-870
-740
-769
-831
-838
-917
-973
-994
-938
-941
-1000
-994
-959
-987
-1038
-1050
-1068
-1125
-1079
-1041
-1041
-1017
-1048
-1082
-1099
-1053
-1015
-977
-946
-957
-968
-920
-927
-951
-1049
-1033
-1030
-1034
-953
-967
-996
-1059
-1085
-1117
-1134
-1033
-972
-986
-944
-1062
-990
-969
-1020
-990
-1027
-995
-1011
-969
-906
-908
-916
-949
-1053
-1078
-978
-915
-921
-859
-871
-911
-966
-959
-923
-915
-896
-985
-1019
-951
-946
-984
-982
-980
-991
-1024
-1007
-993
-977
-968
-995
-919
-838
-744
-680
-649
-638
-723
-802
-802
-737
-694
-646
-668
-696
-725
-715
-748
-753
-756
-749
-694
-678
-552
-518
-556
-607
-605
-616
-607
-529
-512
-445
-408
-404
-398
-450
-466
-467
-454
-409
-323
-247
-266
-320
-393
-476
-548
-456
-357
-385
-341
-352
-394
-365
-331
-373
-389
-463
-437
-268
-188
-167
-180
-245
-366
-353
-314
-220
-134
-185
-238
-243
-221
-256
-294
-336
-319
-247
-247
-128
-97
-184
-255
-395
-424
-320
-277
-228
-175
-224
-304
-355
-350
-357
-357
-333
-258
-157
-177
-181
-193
-298
-309
-321
-266
-181
-95
-100
-210
-285
-307
-364
-340
-305
-331
-292
-295
-264
-283
-341
-389
-407
-483
-430
-320
-311
-278
-257
-289
-304
-377
-430
-456
-433
-345
-298
-210
-197
-198
-269
-374
-379
-335
-341
-309
-336
-307
-299
-300
-320
-460
-521
-547
-461
-444
-356
-304
-413
-531
-533
-438
-406
-362
-343
-375
-395
-387
-433
-437
-417
-428
-424
-377
-353
-324
-319
-391
-448
-418
-416
-418
-345
-331
-336
-394
-351
-431
-495
-510
-553
-479
-466
-396
-377
-448
-488
-475
-441
-376
-311
-243
-290
-439
-477
-432
-504
-406
-392
-534
-468
-441
-354
-375
-422
-472
-524
-476
-469
-337
-271
-390
-429
-460
-439
-387
-388
-452
-463
-366
-385
-393
-389
-418
-463
-467
-474
-387
-427
-470
-448
-494
-506
-494
-355
-377
-323
-284
-378
-334
-356
-376
-326
-359
-408
-379
-316
-356
-359
-391
-516
-500
-434
-401
-285
-301
-360
-277
-331
-314
-286
-298
-289
-232
-213
-236
-153
-238
-331
-319
-245
-246
-190
-102
-142
-205
-284
-263
-231
-210
-204
-192
-224
-243
-224
-217
-242
-238
-194
-166
-116
1
81
43
-14
-99
-140
-83
-31
4
9
-19
-49
-87
-36
-52
-122
-190
-186
-115
-90
8
-2
-70
-32
40
89
194
218
134
141
133
170
148
138
103
76
57
11
80
81
32
-20
-3
65
177
234
227
240
251
262
243
247
240
177
197
197
161
215
298
277
206
242
284
266
258
312
299
321
375
349
321
273
242
191
166
212
218
216
214
184
216
266
296
362
401
430
423
437
446
382
416
369
313
379
356
343
278
225
236
241
229
239
271
275
258
300
293
257
250
201
260
279
307
231
267
291
286
313
269
276
282
284
273
273
291
365
333
317
302
354
355
350
325
284
308
237
198
219
262
240
160
156
133
148
181
120
112
108
118
149
185
232
280
217
143
129
181
235
233
247
217
155
144
149
160
164
89
75
57
56
79
52
34
36
67
94
120
147
188
180
143
153
123
152
226
222
210
148
114
80
41
4
-9
7
-9
55
153
168
208
182
105
91
96
141
177
255
235
159
93
-19
4
-6
-78
-83
-56
20
60
104
46
23
18
-22
28
92
144
118
85
50
22
35
11
-33
-59
-85
-43
25
75
96
82
100
193
205
248
255
171
156
107
168
206
128
53
-44
-16
-20
-12
24
-16
12
36
54
84
109
121
173
203
229
176
187
166
78
80
78
130
167
154
112
144
154
152
113
160
256
265
276
218
256
225
116
137
112
83
153
156
116
94
69
140
190
210
275
272
235
314
315
307
344
341
365
273
288
267
187
226
214
263
339
366
393
377
401
428
419
426
422
452
450
408
391
357
333
268
201
229
221
223
227
268
299
264
268
347
366
391
388
367
408
343
365
394
344
355
392
336
307
327
321
272
222
190
240
319
324
276
250
239
188
207
227
229
232
186
195
212
185
154
72
81
78
192
275
273
267
206
205
245
268
287
301
259
251
208
202
143
67
24
-14
11
63
67
50
31
22
18
80
148
126
188
175
116
94
87
48
-4
32
49
82
60
-22
-15
-31
-26
-7
-21
10
34
91
71
23
-39
-125
-112
-113
-109
-100
-84
-81
-83
-86
-85
-48
-9
-7
74
143
114
83
17
-11
-16
34
30
34
33
36
14
-86
-105
-106
-57
-63
-79
-25
6
24
-18
-74
-37
-7
8
27
61
115
79
7
-42
-43
-18
-37
-71
-54
-45
-39
-66
-127
-138
-104
-44
24
63
95
100
49
14
21
77
10
-43
6
-26
-40
-19
-68
-124
-134
-159
-90
-66
-11
-33
-76
-21
-76
-38
-20
-10
36
15
-19
18
13
31
4
-26
-11
-53
-39
-12
6
-11
-17
-1
8
24
70
60
35
21
80
83
77
101
65
29
25
24
12
21
13
47
84
88
103
111
110
157
164
221
206
233
251
184
171
177
175
104
96
82
50
34
90
93
71
81
83
64
114
196
166
164
150
105
98
96
94
151
157
111
88
82
74
92
106
104
115
122
211
166
138
135
38
83
133
184
187
168
129
61
42
27
33
72
133
141
123
137
133
121
136
160
188
221
225
200
237
184
117
121
111
79
68
63
52
39
-36
-18
-6
-19
10
53
32
23
72
65
90
61
32
99
124
136
97
87
80
9
41
17
-14
15
23
36
32
52
39
-1
-16
-13
-54
-56
14
31
38
-16
-61
-66
-62
1
40
12
28
11
-9
-2
-48
-63
-33
0
-32
-17
-17
-29
-57
-77
-70
-70
-72
-79
-15
-11
-62
-63
-54
-101
-106
-83
-63
-90
-63
-55
-71
-64
-89
-57
-53
-81
-132
-115
-122
-116
-132
-180
-194
-188
-209
-205
-187
-161
-155
-196
-170
-162
-128
-168
-128
-126
-168
-162
-159
-181
-209
-177
-226
-228
-171
-174
-208
-175
-202
-199
-190
-194
-191
-185
-140
-185
-174
-202
-268
-249
-250
-256
-241
-271
-271
-311
-335
-273
-261
-236
-244
-290
-264
-229
-205
-147
-139
-158
-193
-200
-167
-190
-222
-261
-301
-285
-343
-357
-324
-327
-347
-337
-296
-302
-281
-283
-256
-283
-279
-243
-242
-241
-255
-262
-273
-298
-281
-282
-313
-298
-320
-315
-343
-317
-327
-370
-354
-353
-347
-334
-295
-284
-300
-315
-252
-276
-300
-255
-303
-321
-308
-287
-309
-310
-261
-253
-228
-247
-290
-230
-227
-267
-226
-246
-286
-244
-219
-217
-247
-259
-214
-254
-269
-273
-273
-244
-220
-236
-271
-282
-307
-295
-276
-202
-229
-280
-298
-322
-306
-317
-318
-330
-286
-332
-332
-278
-323
-327
-353
-349
-369
-363
-331
-337
-313
-339
-334
-349
-342
-301
-344
-331
-336
-332
-341
-367
-360
-344
-315
-325
-358
-345
-345
-334
-299
-315
-313
-292
-302
-336
-286
-289
-336
-371
-329
-387
-414
-399
-430
-416
-402
-367
-384
-371
-394
-416
-407
-382
-420
-405
-387
-411
-398
-377
-352
-373
-413
-409
-408
-368
-387
-454
-443
-445
-459
-504
-527
-495
-506
-524
-504
-514
-472
-472
-516
-537
-534
-476
-465
-472
-462
-501
-515
-550
-581
-564
-585
-611
-596
-553
-564
-588
-574
-610
-622
-586
-577
-570
-568
-579
-596
-598
-615
-600
-587
-553
-535
-548
-541
-573
-591
-632
-635
-597
-585
-562
-586
-605
-605
-617
-625
-582
-591
-590
-518
-520
-552
-545
-518
-560
-535
-526
-503
-488
-503
-517
-532
-522
-553
-531
-539
-532
-535
-500
-486
-508
-523
-533
-525
-520
-516
-517
-498
-511
-494
-508
-536
-496
-496
-500
-507
-513
-523
-546
-532
-533
-517
-531
-531
-519
-505
-471
-485
-487
-493
-510
-492
-511
-497
-474
-461
-483
-502
-515
-514
-460
-496
-504
-496
-497
-510
-519
-499
-469
-502
-503
-457
-464
-435
-421
-461
-462
-442
-423
-399
-410
-405
-435
-467
-459
-449
-416
-442
-483
-470
-483
-452
-391
-402
-427
-430
-421
-407
-437
-403
-388
-417
-413
-423
-451
-437
-426
-440
-419
-424
-428
-448
-423
-435
-453
-477
-457
-414
-424
-427
-439
-434
-434
-402
-406
-373
-388
-412
-381
-398
-428
-432
-390
-360
-384
-395
-411
-392
-334
-365
-341
-339
-357
-321
-336
-355
-371
-403
-375
-364
-336
-356
-397
-355
-384
-371
-377
-365
-330
-338
-331
-355
-343
-375
-386
-351
-393
-368
-332
-369
-403
-394
-412
-410
-361
-377
-369
-374
-370
-354
-404
-386
-336
-370
-401
-372
-365
-394
-431
-432
-381
-371
-386
-379
-382
-414
-412
-399
-419
-415
-410
-399
-389
-400
-393
-393
-409
-425
-407
-383
-385
-379
-353
-328
-367
-361
-356
-360
-369
-393
-407
-400
-356
-395
-424
-434
-428
-419
-427
-409
-401
-417
-469
-482
-475
-447
-440
-463
-408
-381
-428
-433
-448
-459
-443
-492
-457
-461
-471
-407
-482
-463
-436
-485
-442
-450
-433
-441
-465
-463
-481
-475
-495
-481
-494
-470
-445
-504
-537
-537
-504
-453
-478
-525
-548
-549
-545
-549
-597
-606
-621
-653
-600
-579
-550
-595
-615
-611
-604
-602
-620
-593
-605
-601
-562
-601
-641
-590
-607
-644
-638
-659
-652
-660
-699
-679
-677
-708
-702
-692
-675
-678
-657
-644
-688
-673
-684
-683
-717
-675
-627
-681
-654
-660
-673
-686
-698
-691
-667
-658
-626
-639
-685
-664
-657
-638
-660
-641
-635
-661
-654
-648
-620
-643
-648
-634
-632
-606
-610
-604
-625
-617
-616
-653
-608
-615
-582
-590
-607
-602
-621
-598
-588
-578
-571
-518
-534
-557
-544
-536
-528
-535
-532
-523
-500
-491
-495
-501
-557
-553
-529
-506
-517
-500
-441
-448
-478
-510
-474
-514
-515
-512
-502
-473
-499
-519
-530
-540
-508
-502
-539
-513
-470
-466
-498
-488
-492
-474
-455
-429
-403
-420
-441
-444
-430
-415
-430
-429
-431
-428
-412
-434
-440
-425
-413
-436
-445
-446
-396
-366
-406
-402
-379
-391
-424
-386
-393
-417
-385
-341
-360
-384
-336
-358
-380
-417
-377
-363
-364
-326
-328
-348
-376
-351
-379
-356
-381
-371
-340
-342
-302
-355
-376
-358
-313
-342
-339
-299
-311
-326
-335
-342
-366
-368
-360
-342
-362
-363
-333
-362
-367
-367
-328
-321
-315
-284
-337
-298
-319
-335
-330
-324
-319
-321
-322
-286
-285
-332
-350
-357
-300
-304
-310
-332
-326
-336
-366
-352
-338
-360
-332
-334
-335
-295
-320
-339
-361
-358
-312
-339
-382
-331
-365
-393
-380
-399
-411
-426
-411
-363
-386
-367
-363
-372
-393
-410
-373
-404
-405
-397
-405
-418
-409
-406
-390
-378
-379
-405
-419
-404
-405
-434
-425
-396
-388
-389
-403
-410
-440
-426
-412
-395
-402
-395
-380
-402
-406
-386
-391
-408
-389
-392
-417
-424
-414
-400
-396
-386
-396
-385
-381
-384
-364
-384
-368
-348
-356
-340
-357
-394
-356
-374
-398
-347
-375
-415
-354
-389
-421
-404
-386
-352
-405
-398
-400
-420
-404
-369
-361
-381
-427
-385
-363
-353
-349
-367
-346
-370
-361
-355
-343
-368
-352
-367
-395
-355
-292
-323
-344
-326
-335
-346
-329
-331
-364
-335
-305
-292
-312
-312
-321
-307
-311
-315
-294
-298
-303
-307
-322
-306
-320
-329
-341
-349
-326
-342
-318
-335
-333
-346
-322
-290
-304
-305
-315
-307
-308
-310
-331
-327
-309
-301
-300
-309
-298
-329
-351
-333
-319
-342
-353
-356
-399
-377
-381
-388
-385
-407
-396
-373
-368
-393
-411
-424
-409
-390
-414
-385
-392
-411
-416
-435
-424
-450
-450
-442
-421
-439
-422
-435
-421
-399
-445
-457
-459
-466
-454
-467
-500
-447
-477
-478
-466
-442
-429
-444
-440
-462
-478
-483
-460
-474
-465
-470
-470
-464
-498
-479
-470
-505
-526
-521
-523
-514
-503
-533
-542
-546
-551
-559
-564
-575
-560
-555
-562
-548
-574
-592
-599
-590
-622
-623
-619
-626
-635
-671
-652
-683
-695
-675
-647
-646
-678
-661
-673
-683
-646
-677
-685
-696
-666
-665
-701
-695
-723
-721
-747
-699
-698
-711
-729
-710
-727
-741
-707
-767
-739
-722
-723
-740
-745
-728
-712
-708
-721
-721
-715
-720
-712
-710
-743
-749
-721
-701
-737
-744
-727
-722
-737
-747
-739
-748
-754
-749
-735
-754
-777
-778
-771
-756
-798
-802
-776
-761
-742
-742
-748
-758
-738
-735
-700
-716
-674
-684
-745
-692
-704
-702
-703
-738
-743
-689
-694
-688
-669
-688
-700
-726
-717
-680
-675
-729
-736
-700
-718
-760
-727
-724
-712
-707
-667
-638
-674
-636
-691
-698
-675
-678
-640
-649
-673
-659
-646
-638
-628
-630
-623
-633
-633
-662
-661
-633
-652
-678
-673
-666
-611
-633
-649
-624
-612
-608
-621
-605
-628
-607
-607
-586
-602
-628
-631
-640
-640
-610
-586
-594
-618
-629
-631
-608
-609
-652
-615
-609
-583
-588
-614
-588
-605
-613
-596
-598
-550
-553
-568
-565
-590
-595
-577
-562
-556
-561
-585
-612
-606
-564
-624
-622
-588
-595
-568
-594
-606
-580
-604
-610
-600
-619
-631
-630
-604
-598
-619
-626
-634
-629
-630
-650
-625
-623
-665
-642
-606
-613
-631
-636
-613
-628
-642
-613
-577
-598
-638
-635
-628
-587
-570
-613
-619
-593
-596
-607
-628
-636
-646
-661
-642
-625
-616
-645
-639
-654
-656
-663
-644
-632
-668
-678
-677
-631
-674
-703
-687
-662
-651
-660
-698
-680
-678
-690
-682
-715
-691
-698
-713
-702
-710
-707
-733
-715
-684
-696
-677
-702
-706
-691
-680
-710
-734
-711
-673
-673
-712
-687
-698
-696
-661
-646
-663
-669
-623
-637
-656
-658
-646
-653
-653
-659
-616
-625
-664
-624
-624
-620
-620
-616
-620
-586
-563
-583
-584
-548
-553
-555
-562
-555
-504
-490
-531
-491
-491
-531
-493
-524
-480
-479
-506
-536
-550
-523
-527
-523
-518
-478
-434
-440
-485
-472
-471
-433
-412
-420
-422
-440
-428
-450
-421
-414
-441
-414
-394
-405
-400
-423
-446
-433
-412
-402
-403
-399
-420
-383
-360
-355
-356
-362
-358
-398
-382
-348
-320
-314
-357
-340
-311
-303
-310
-321
-307
-312
-294
-314
-290
-286
-300
-306
-332
-300
-282
-274
-317
-283
-274
-285
-269
-289
-269
-256
-213
-196
-194
-200
-226
-207
-208
-185
-152
-170
-200
-209
-190
-193
-202
-211
-185
-178
-164
-136
-180
-162
-168
-197
-199
-198
-156
-175
-168
-177
-185
-160
-166
-165
-197
-205
-172
-166
-186
-170
-172
-198
-194
-189
-178
-178
-188
-183
-147
-148
-184
-186
-192
-129
-110
-164
-181
-189
-161
-160
-151
-197
-159
-146
-176
-126
-154
-144
-151
-148
-140
-156
-141
-121
-143
-137
-143
-155
-158
-158
-110
-111
-143
-117
-101
-129
-108
-141
-142
-112
-104
-93
-106
-80
-117
-153
-90
-57
-64
-60
-100
-106
-81
-115
-115
-103
-129
-153
-141
-143
-177
-163
-148
-136
-134
-151
-101
-125
-163
-146
-165
-155
-144
-159
-197
-219
-216
-196
-238
-221
-227
-249
-203
-225
-185
-206
-256
-246
-222
-226
-237
-233
-229
-265
-252
-254
-299
-325
-338
-319
-331
-296
-328
-331
-336
-309
-308
-355
-374
-396
-376
-334
-332
-369
-339
-371
-387
-384
-391
-382
-360
-363
-400
-397
-385
-374
-357
-359
-365
-368
-349
-338
-354
-355
-401
-405
-387
-381
-349
-376
-389
-364
-386
-364
-352
-403
-393
-370
-369
-415
-424
-397
-392
-371
-405
-400
-359
-357
-356
-341
-362
-371
-367
-387
-357
-367
-359
-361
-343
-345
-421
-407
-351
-351
-365
-353
-352
-365
-349
-373
-386
-366
-413
-395
-377
-368
-392
-415
-406
-423
-422
-365
-337
-371
-391
-348
-340
-374
-352
-382
-402
-362
-359
-372
-363
-356
-362
-370
-379
-383
-328
-335
-354
-328
-328
-342
-340
-337
-346
-321
-332
-349
-346
-332
-336
-346
-306
-313
-300
-322
-322
-272
-386
-428
-309
-290
-408
-387
-400
-260
-309
-383
-348
-390
-366
-240
-295
-557
-168
-440
-269
-327
-412
-308
-363
-166
-516
-293
-272
-307
-408
-203
-496
-385
-245
-459
-240
-387
-309
-288
-393
-271
-323
-337
-250
-309
-370
-258
-261
-446
-281
-338
-347
-288
-320
-441
-203
-449
-338
-228
-505
-253
-293
-467
-222
-394
-459
-254
-456
-280
-357
-357
-362
-439
-337
-393
-472
-340
-432
-442
-389
-462
-495
-412
-482
-482
-511
-477
-452
-506
-477
-587
-483
-523
-492
-533
-638
-561
-561
-599
-523
-586
-610
-577
-567
-603
-568
-556
-681
-553
-595
-658
-569
-652
-613
-592
-638
-650
-654
-637
-673
-664
-725
-679
-649
-719
-709
-696
-721
-734
-714
-761
-763
-734
-705
-715
-771
-735
-747
-772
-766
-780
-726
-722
-799
-814
-805
-786
-808
-814
-815
-833
-792
-806
-806
-808
-827
-816
-827
-799
-765
-809
-845
-797
-804
-809
-780
-823
-831
-835
-794
-777
-789
-818
-810
-802
-820
-801
-808
-827
-824
-803
-823
-813
-787
-772
-808
-793
-750
-803
-807
-750
-790
-784
-775
-775
-731
-764
-772
-732
-726
-760
-783
-729
-706
-713
-680
-703
-703
-677
-661
-670
-708
-723
-668
-665
-701
-693
-735
-696
-647
-702
-626
-646
-655
-606
-676
-637
-628
-699
-685
-666
-609
-593
-671
-645
-623
-632
-617
-590
-597
-578
-584
-592
-602
-572
-581
-642
-592
-567
-577
-608
-587
-568
-547
-539
-590
-552
-545
-555
-519
-509
-510
-483
-506
-535
-537
-545
-473
-517
-534
-519
-532
-512
-518
-509
-495
-505
-501
-482
-490
-482
-473
-484
-463
-441
-452
-429
-480
-477
-476
-480
-434
-453
-450
-424
-388
-418
-467
-434
-458
-468
-453
-445
-395
-404
-436
-433
-409
-457
-444
-423
-465
-447
-404
-417
-437
-432
-440
-441
-442
-455
-402
-392
-450
-420
-444
-446
-443
-425
-434
-434
-380
-398
-432
-408
-409
-447
-419
-408
-377
-425
-439
-402
-395
-412
-454
-424
-436
-430
-409
-425
-426
-437
-448
-451
-472
-440
-422
-444
-433
-451
-447
-447
-479
-452
-433
-421
-417
-449
-451
-487
-489
-488
-500
-500
-447
-436
-492
-475
-524
-482
-475
-487
-427
-458
-458
-477
-466
-472
-471
-488
-511
-454
-467
-507
-484
-454
-440
-432
-450
-482
-470
-461
-461
-465
-504
-470
-481
-485
-487
-473
-482
-497
-475
-472
-496
-501
-495
-553
-516
-535
-524
-516
-561
-541
-542
-577
-572
-534
-508
-521
-541
-534
-519
-528
-554
-557
-557
-512
-515
-546
-571
-568
-555
-552
-536
-546
-489
-528
-568
-511
-521
-510
-521
-546
-553
-528
-523
-536
-548
-552
-517
-531
-552
-535
-518
-543
-565
-517
-511
-530
-549
-537
-523
-537
-502
-526
-527
-519
-530
-535
-562
-534
-501
-498
-511
-488
-494
-490
-491
-528
-519
-510
-466
-480
-487
-468
-475
-500
-506
-468
-474
-480
-458
-449
-461
-445
-479
-460
-412
-420
-416
-414
-443
-430
-404
-430
-429
-420
-408
-442
-445
-441
-428
-431
-391
-401
-450
-409
-418
-401
-399
-377
-388
-409
-429
-397
-373
-373
-400
-419
-368
-381
-366
-395
-375
-389
-381
-344
-385
-386
-413
-401
-404
-390
-363
-410
-415
-360
-358
-389
-411
-414
-404
-395
-354
-389
-400
-416
-406
-400
-407
-388
-366
-382
-402
-360
-425
-411
-403
-406
-401
-392
-402
-405
-438
-433
-413
-458
-438
-418
-385
-405
-426
-422
-424
-416
-427
-431
-434
-454
-423
-465
-486
-470
-479
-475
-469
-462
-431
-468
-515
-489
-492
-464
-487
-512
-504
-493
-468
-494
-495
-466
-509
-503
-495
-510
-495
-512
-531
-543
-540
-533
-563
-574
-574
-572
-543
-524
-557
-548
-524
-558
-584
-593
-573
-573
-605
-618
-592
-599
-607
-629
-635
-603
-563
-591
-621
-603
-627
-609
-621
-613
-601
-625
-610
-606
-626
-621
-629
-628
-603
-606
-613
-619
-643
-637
-631
-642
-669
-667
-667
-689
-681
-688
-711
-686
-646
-686
-676
-663
-648
-648
-686
-661
-694
-733
-694
-676
-662
-680
-715
-697
-647
-647
-662
-657
-655
-622
-608
-605
-627
-618
-612
-630
-647
-627
-598
-645
-620
-618
-630
-660
-641
-624
-635
-599
-605
-604
-643
-641
-612
-605
-647
-643
-601
-601
-636
-597
-599
-614
-595
-630
-625
-620
-596
-596
-614
-615
-616
-625
-576
-565
-570
-565
-557
-574
-595
-538
-554
-563
-567
-558
-512
-519
-509
-520
-518
-511
-518
-516
-507
-503
-511
-509
-490
-478
-499
-500
-511
-484
-447
-474
-475
-445
-451
-453
-438
-453
-452
-436
-467
-454
-435
-461
-433
-416
-448
-415
-395
-423
-393
-390
-364
-356
-393
-384
-357
-343
-392
-352
-343
-386
-353
-361
-369
-341
-290
-302
-315
-344
-352
-329
-324
-305
-310
-326
-338
-306
-375
-389
-332
-355
-359
-389
-385
-357
-367
-383
-354
-381
-406
-356
-342
-361
-374
-402
-409
-382
-390
-418
-395
-372
-383
-411
-415
-370
-400
-420
-417
-404
-393
-403
-425
-401
-424
-440
-415
-432
-412
-406
-377
-388
-412
-415
-420
-452
-446
-414
-414
-369
-369
-422
-407
-396
-403
-392
-416
-405
-389
-394
-403
-364
-373
-418
-427
-405
-330
-359
-405
-386
-392
-409
-399
-419
-450
-416
-400
-416
-431
-435
-441
-446
-397
-435
-416
-433
-458
-411
-438
-436
-437
-427
-447
-429
-407
-408
-425
-411
-425
-446
-444
-461
-419
-412
-441
-403
-405
-417
-428
-443
-440
-462
-417
-428
-414
-422
-442
-445
-459
-425
-407
-424
-414
-429
-449
-455
-465
-465
-500
-468
-434
-467
-513
-481
-481
-490
-490
-484
-457
-475
-506
-475
-483
-510
-484
-477
-458
-464
-484
-481
-481
-481
-483
-510
-509
-496
-459
-467
-488
-499
-503
-518
-510
-508
-531
-524
-496
-483
-482
-493
-521
-489
-493
-488
-462
-477
-503
-487
-467
-486
-494
-483
-496
-471
-456
-454
-473
-473
-457
-487
-486
-482
-469
-463
-489
-439
-406
-416
-430
-458
-454
-447
-417
-423
-421
-443
-459
-492
-477
-446
-416
-428
-439
-418
-463
-464
-475
-470
-490
-482
-482
-490
-497
-499
-516
-532
-507
-483
-475
-472
-447
-472
-468
-459
-463
-470
-491
-458
-460
-469
-465
-488
-486
-503
-490
-469
-452
-435
-453
-425
-453
-479
-461
-487
-498
-480
-468
-471
-470
-462
-458
-480
-483
-470
-445
-487
-506
-465
-490
-468
-472
-505
-485
-498
-511
-516
-482
-495
-493
-474
-477
-457
-444
-441
-485
-484
-445
-455
-492
-486
-496
-464
-435
-445
-506
-507
-490
-530
-518
-498
-493
-461
-495
-518
-466
-495
-503
-525
-524
-504
-496
-488
-473
-512
-488
-483
-525
-477
-506
-490
-510
-512
-482
-503
-471
-482
-508
-483
-441
-466
-491
-466
-466
-470
-495
-478
-448
-478
-488
-476
-473
-475
-469
-473
-475
-463
-507
-477
-448
-436
-425
-467
-462
-478
-430
-430
-426
-427
-437
-437
-448
-434
-487
-468
-444
-421
-432
-433
-427
-474
-478
-439
-364
-420
-438
-404
-423
-410
-396
-397
-412
-369
-363
-393
-408
-374
-391
-398
-389
-383
-347
-362
-381
-344
-373
-392
-364
-428
-429
-416
-409
-416
-382
-409
-394
-359
-386
-379
-368
-382
-390
-368
-374
-370
-383
-378
-384
-383
-368
-363
-386
-386
-364
-381
-392
-365
-338
-320
-348
-353
-339
-352
-334
-332
-328
-330
-304
-299
-300
-301
-327
-312
-312
-301
-267
-304
-318
-314
-311
-299
-335
-325
-306
-302
-287
-282
-305
-295
-318
-308
-302
-311
-267
-288
-285
-275
-284
-291
-285
-252
-237
-267
-251
-270
-272
-238
-230
-207
-206
-199
-166
-168
-194
-158
-156
-156
-175
-156
-142
-145
-155
-173
-179
-194
-170
-166
-174
-212
-198
-195
-182
-131
-175
-188
-170
-179
-162
-153
-138
-153
-165
-172
-158
-150
-162
-140
-121
-96
-158
-166
-171
-215
-172
-166
-188
-208
-189
-172
-185
-166
-183
-200
-212
-183
-157
-195
-184
-186
-206
-219
-203
-161
-190
-227
-213
-206
-216
-203
-214
-192
-179
-173
-149
-186
-215
-190
-181
-207
-193
-206
-198
-201
-192
-202
-225
-182
-173
-233
-204
-181
-183
-188
-214
-208
-176
-169
-234
-242
-135
-139
-312
-270
-94
-88
-162
-420
-91
-70
-198
-209
-372
11
-430
124
-683
116
-165
-312
77
-685
133
-373
249
-913
248
-544
88
-231
-660
242
-563
204
-595
-168
-390
87
-448
79
-465
-292
59
-557
103
-512
-241
-12
-417
-164
-295
-255
-87
-353
-225
-247
-307
-21
-388
-217
-231
-433
2
-492
-60
-448
-182
-147
-441
-48
-400
-177
-235
-378
-77
-414
-229
-189
-330
-225
-222
-379
-146
-309
-128
-261
-332
-85
-436
-9
-525
-113
-226
-250
-171
-396
-173
-173
-323
-146
-208
-211
-143
-304
-63
-304
-216
-177
-225
-68
-241
-112
-121
-201
-110
-210
-99
-153
-95
-165
-110
-148
-91
-181
-123
-182
-129
-64
-187
-38
-163
-100
-109
-117
-18
-89
-63
-16
-99
-8
-127
-34
6
-106
12
-93
-19
2
-77
44
-93
10
-51
-53
80
-62
40
-30
26
72
-41
93
-38
49
72
14
108
22
55
92
6
89
59
26
112
9
145
47
69
96
89
180
88
135
163
114
186
141
138
140
138
195
97
195
164
117
152
95
189
190
142
188
146
204
189
118
194
177
199
196
162
220
127
224
229
147
220
148
267
195
136
236
180
216
235
157
214
193
152
249
158
222
204
206
192
183
238
220
232
213
197
195
233
161
228
235
251
253
191
231
189
214
258
181
223
192
204
210
145
155
155
170
191
192
140
145
109
131
90
148
94
88
137
42
130
109
64
110
74
74
126
84
66
81
96
89
51
35
38
37
50
46
56
23
34
29
18
50
89
74
32
79
35
55
20
-15
27
17
24
33
52
39
39
38
23
-7
66
65
39
78
43
35
34
14
63
67
53
62
-1
53
81
85
40
-18
21
57
16
12
24
19
-28
-36
-2
11
7
-6
3
-41
-13
-2
-27
-45
1
-24
-46
-21
-31
-53
-55
-25
-59
-51
-42
-38
-34
-53
-33
-88
-94
-46
-43
-47
-92
-81
-104
-80
-60
-115
-130
-117
-94
-126
-138
-142
-147
-140
-139
-128
-159
-152
-166
-143
-113
-134
-153
-139
-113
-149
-112
-120
-118
-116
-135
-156
-151
-137
-141
-105
-166
-174
-150
-157
-155
-142
-155
-117
-137
-167
-154
-180
-113
-158
-164
-160
-158
-130
-158
-159
-145
-177
-161
-125
-180
-133
-122
-132
-127
-116
-128
-143
-134
-154
-90
-92
-146
-124
-102
-124
-129
-150
-145
-113
-141
-114
-158
-136
-134
-135
-104
-178
-129
-125
-132
-137
-146
-138
-166
-136
-128
-195
-135
-121
-115
-121
-154
-143
-182
-144
-105
-158
-170
-137
-191
-150
-153
-180
-132
-127
-98
-121
-145
-128
-164
-98
-157
-140
-125
-157
-151
-170
-125
-169
-145
-148
-123
-199
-154
-162
-172
-134
-178
-150
-226
-190
-123
-150
-201
-162
-162
-186
-168
-169
-184
-149
-171
-177
-153
-159
-160
-213
-208
-234
-200
-170
-198
-217
-183
-244
-199
-193
-250
-183
-258
-231
-213
-256
-281
-294
-273
-222
-254
-266
-274
-268
-286
-298
-293
-315
-298
-298
-287
-305
-340
-349
-342
-368
-358
-346
-304
-313
-360
-351
-364
-365
-377
-392
-356
-359
-284
-362
-351
-341
-386
-364
-382
-350
-380
-356
-383
-369
-351
-337
-377
-360
-378
-374
-320
-357
-336
-339
-319
-306
-348
-330
-327
-309
-331
-340
-305
-338
-336
-344
-369
-354
-343
-349
-316
-327
-306
-312
-323
-296
-295
-313
-364
-289
-262
-329
-283
-332
-312
-283
-282
-260
-289
-247
-255
-276
-242
-248
-266
-255
-295
-272
-272
-320
-277
-278
-263
-263
-278
-266
-279
-263
-275
-277
-309
-280
-277
-297
-273
-248
-269
-251
-271
-273
-249
-293
-242
-250
-243
-258
-273
-260
-283
-265
-226
-233
-240
-271
-262
-223
-230
-235
-212
-199
-220
-225
-234
-244
-249
-274
-252
-244
-195
-199
-229
-196
-206
-182
-185
-185
-209
-177
-159
-156
-177
-160
-147
-166
-150
-138
-134
-83
-110
-167
-120
-151
-118
-153
-149
-116
-124
-89
-102
-107
-113
-137
-129
-73
-43
-83
-116
-76
-75
-85
-53
-75
-58
-46
-67
-34
-57
-23
-49
-76
-39
-63
-32
-20
-48
-82
-72
-87
-56
-63
-100
-76
-68
-86
-86
-68
-119
-118
-97
-103
-78
-93
-132
-108
-101
-114
-148
-127
-117
-161
-141
-129
-153
-153
-174
-168
-189
-163
-117
-154
-163
-163
-157
-155
-169
-189
-173
-177
-139
-144
-181
-203
-200
-221
-191
-196
-212
-149
-220
-218
-192
-213
-206
-254
-217
-212
-227
-161
-195
-196
-225
-212
-201
-208
-181
-189
-214
-234
-253
-214
-201
-210
-203
-253
-212
-216
-232
-200
-225
-226
-227
-238
-173
-207
-240
-180
-189
-193
-198
-227
-236
-231
-214
-200
-266
-304
-282
-287
-242
-285
-272
-299
-326
-278
-323
-290
-325
-355
-302
-322
-341
-334
-380
-378
-358
-384
-388
-370
-370
-372
-390
-375
-370
-421
-411
-415
-421
-380
-393
-412
-404
-390
-424
-445
-425
-403
-399
-416
-386
-378
-429
-444
-419
-441
-435
-421
-427
-439
-430
-433
-418
-430
-437
-405
-408
-421
-452
-454
-455
-447
-475
-478
-483
-474
-469
-493
-496
-460
-449
-479
-468
-484
-450
-443
-491
-460
-465
-469
-462
-490
-486
-489
-475
-490
-500
-474
-496
-491
-463
-513
-453
-467
-494
-455
-493
-443
-473
-493
-479
-492
-451
-473
-474
-467
-487
-480
-477
-474
-463
-457
-485
-427
-411
-451
-427
-440
-424
-408
-395
-403
-437
-409
-431
-442
-435
-429
-409
-429
-427
-411
-420
-425
-393
-394
-394
-386
-400
-398
-423
-429
-441
-454
-434
-442
-411
-439
-452
-422
-431
-429
-421
-451
-441
-430
-445
-463
-475
-451
-487
-496
-488
-508
-477
-451
-511
-470
-454
-479
-472
-496
-490
-501
-503
-485
-503
-490
-503
-480
-469
-504
-471
-497
-479
-448
-438
-472
-479
-464
-475
-480
-429
-452
-507
-461
-452
-472
-432
-441
-448
-426
-460
-434
-432
-413
-444
-462
-423
-405
-404
-414
-434
-412
-401
-413
-424
-412
-395
-402
-387
-413
-402
-418
-438
-426
-445
-433
-430
-465
-458
-435
-459
-483
-475
-463
-464
-484
-507
-526
-533
-532
-494
-559
-538
-500
-505
-460
-522
-506
-530
-570
-573
-581
-536
-542
-566
-515
-554
-587
-573
-566
-565
-562
-553
-566
-560
-549
-569
-588
-570
-599
-560
-579
-625
-601
-572
-582
-587
-589
-581
-597
-576
-561
-614
-590
-587
-609
-626
-586
-576
-560
-587
-597
-549
-573
-595
-580
-598
-547
-523
-564
-577
-595
-551
-568
-600
-551
-534
-558
-566
-560
-543
-541
-546
-558
-530
-544
-512
-537
-566
-533
-538
-530
-520
-517
-516
-482
-514
-505
-511
-474
-480
-533
-489
-465
-444
-471
-488
-481
-494
-508
-505
-482
-452
-478
-511
-464
-456
-452
-482
-510
-466
-455
-475
-494
-461
-436
-451
-427
-419
-444
-423
-451
-444
-410
-422
-409
-394
-436
-432
-416
-406
-405
-423
-388
-378
-394
-380
-342
-353
-348
-359
-387
-354
-352
-356
-322
-346
-360
-331
-315
-316
-304
-301
-313
-308
-317
-305
-309
-348
-289
-285
-316
-312
-320
-306
-290
-250
-273
-286
-316
-305
-283
-292
-252
-268
-280
-315
-308
-255
-284
-269
-290
-287
-270
-278
-281
-311
-283
-275
-288
-323
-287
-263
-276
-286
-264
-271
-306
-288
-315
-327
-298
-297
-313
-292
-303
-287
-300
-322
-281
-271
-271
-273
-295
-279
-297
-322
-285
-293
-286
-300
-327
-316
-345
-381
-370
-359
-362
-357
-356
-385
-380
-369
-377
-376
-369
-369
-363
-360
-388
-415
-418
-417
-444
-437
-432
-373
-390
-437
-380
-407
-414
-440
-449
-422
-437
-429
-418
-459
-455
-442
-443
-425
-451
-405
-405
-427
-425
-426
-437
-478
-486
-485
-474
-472
-476
-488
-506
-514
-496
-501
-489
-467
-475
-505
-513
-471
-475
-484
-473
-498
-508
-463
-503
-512
-488
-527
-509
-529
-506
-498
-532
-487
-522
-531
-500
-532
-553
-534
-526
-510
-492
-520
-511
-513
-508
-514
-527
-515
-486
-490
-515
-502
-539
-521
-511
-520
-540
-488
-504
-524
-477
-498
-517
-546
-504
-535
-521
-530
-497
-478
-493
-529
-535
-508
-523
-478
-514
-513
-534
-495
-496
-499
-520
-466
-444
-502
-455
-459
-477
-477
-449
-477
-450
-417
-413
-433
-416
-444
-409
-405
-443
-361
-382
-409
-375
-379
-365
-362
-417
-414
-417
-388
-371
-387
-374
-378
-370
-383
-375
-324
-367
-381
-342
-376
-387
-355
-354
-370
-354
-317
-359
-364
-338
-341
-335
-373
-338
-312
-306
-310
-319
-302
-333
-308
-299
-336
-300
-286
-302
-336
-329
-331
-347
-346
-313
-285
-353
-312
-342
-358
-321
-364
-344
-331
-355
-323
-336
-359
-314
-334
-334
-309
-299
-290
-294
-313
-273
-280
-308
-312
-321
-348
-322
-267
-296
-292
-305
-347
-316
-294
-335
-307
-333
-333
-340
-373
-342
-321
-316
-350
-382
-392
-330
-336
-343
-380
-429
-399
-406
-391
-401
-406
-417
-445
-459
-454
-462
-433
-420
-436
-430
-463
-494
-485
-474
-487
-521
-503
-472
-499
-470
-493
-489
-507
-498
-523
-514
-507
-511
-507
-537
-515
-541
-496
-540
-524
-515
-546
-556
-536
-554
-559
-544
-559
-560
-556
-538
-574
-569
-611
-630
-599
-551
-583
-602
-606
-593
-598
-643
-591
-615
-621
-629
-639
-640
-642
-622
-618
-631
-673
-653
-626
-638
-676
-656
-667
-645
-640
-673
-658
-680
-636
-633
-696
-692
-698
-699
-681
-675
-626
-662
-689
-696
-666
-670
-676
-660
-692
-673
-695
-690
-683
-678
-665
-677
-688
-689
-645
-638
-671
-692
-697
-694
-693
-706
-719
-703
-667
-666
-689
-684
-706
-683
-684
-651
-637
-677
-673
-674
-678
-677
-634
-647
-631
-623
-654
-625
-626
-640
-663
-644
-608
-619
-628
-638
-627
-614
-595
-585
-564
-601
-608
-587
-549
-547
-613
-574
-571
-586
-584
-598
-595
-550
-575
-562
-566
-554
-528
-547
-515
-551
-519
-527
-522
-507
-550
-586
-561
-563
-577
-561
-599
-576
-577
-570
-568
-571
-568
-567
-532
-542
-563
-554
-582
-584
-565
-567
-527
-556
-588
-553
-541
-542
-562
-570
-534
-562
-553
-551
-604
-545
-532
-541
-527
-544
-509
-465
-495
-455
-475
-498
-485
-499
-490
-478
-420
-433
-450
-478
-469
-466
-472
-454
-432
-418
-444
-442
-441
-415
-412
-441
-406
-421
-426
-399
-432
-426
-423
-454
-436
-418
-401
-382
-414
-387
-387
-410
-405
-397
-387
-371
-378
-384
-397
-417
-395
-359
-412
-420
-374
-373
-384
-407
-397
-390
-376
-395
-396
-429
-398
-408
-400
-395
-450
-429
-454
-401
-412
-429
-422
-444
-436
-471
-461
-479
-499
-461
-433
-422
-457
-461
-444
-445
-420
-436
-425
-417
-443
-417
-408
-391
-433
-457
-449
-414
-381
-412
-420
-432
-460
-473
-464
-453
-419
-474
-491
-469
-463
-469
-493
-485
-474
-456
-451
-468
-479
-443
-466
-488
-519
-547
-489
-499
-545
-540
-527
-510
-543
-533
-522
-552
-540
-535
-535
-546
-547
-562
-530
-501
-523
-552
-540
-494
-489
-505
-504
-518
-539
-532
-542
-526
-529
-527
-528
-534
-552
-545
-522
-527
-521
-528
-517
-529
-542
-531
-546
-527
-500
-512
-506
-533
-553
-559
-550
-527
-492
-515
-528
-499
-497
-519
-558
-537
-537
-516
-495
-524
-550
-532
-537
-528
-536
-547
-506
-494
-534
-528
-507
-527
-534
-507
-476
-469
-445
-468
-516
-509
-462
-472
-416
-428
-442
-426
-453
-434
-453
-430
-420
-448
-441
-433
-417
-387
-407
-397
-411
-462
-429
-388
-372
-386
-420
-406
-418
-394
-384
-389
-388
-402
-383
-366
-371
-359
-361
-353
-352
-351
-296
-326
-350
-338
-322
-336
-325
-327
-313
-336
-317
-280
-317
-307
-304
-309
-310
-264
-243
-267
-273
-241
-268
-250
-234
-275
-276
-257
-244
-246
-246
-263
-254
-259
-244
-234
-244
-241
-226
-229
-229
-205
-210
-222
-242
-217
-182
-192
-198
-207
-210
-242
-253
-231
-228
-228
-234
-188
-206
-210
-237
-264
-237
-238
-187
-221
-247
-211
-237
-233
-231
-267
-176
-174
-219
-171
-218
-230
-225
-222
-220
-240
-222
-242
-261
-251
-278
-296
-271
-235
-218
-249
-261
-260
-280
-303
-280
-273
-289
-272
-275
-271
-268
-283
-281
-282
-314
-313
-265
-286
-331
-325
-330
-316
-297
-316
-347
-323
-300
-298
-293
-298
-335
-339
-334
-305
-261
-301
-297
-323
-334
-307
-308
-340
-350
-326
-322
-322
-341
-324
-329
-338
-301
-312
-305
-304
-320
-286
-274
-271
-299
-324
-326
-302
-300
-326
-315
-321
-336
-362
-348
-344
-306
-297
-352
-346
-366
-348
-312
-350
-324
-310
-330
-344
-384
-362
-379
-347
-361
-380
-358
-387
-381
-356
-358
-357
-355
-381
-342
-354
-341
-373
-393
-370
-372
-395
-387
-333
-349
-367
-386
-385
-362
-338
-335
-351
-364
-351
-323
-345
-352
-342
-371
-345
-364
-341
-347
-362
-289
-330
-317
-293
-327
-299
-308
-284
-292
-277
-286
-307
-290
-292
-286
-287
-233
-282
-300
-274
-245
-280
-319
-315
-312
-290
-272
-284
-263
-243
-254
-250
-243
-261
-254
-230
-293
-253
-249
-252
-268
-288
-250
-267
-269
-257
-283
-279
-255
-237
-254
-259
-224
-200
-223
-238
-219
-227
-222
-212
-193
-232
-235
-224
-197
-178
-195
-207
-217
-174
-152
-179
-179
-172
-156
-160
-178
-202
-204
-205
-167
-139
-182
-168
-192
-170
-160
-154
-148
-153
-169
-183
-170
-180
-161
-195
-191
-127
-122
-121
-139
-154
-133
-121
-124
-147
-105
-149
-144
-148
-187
-158
-191
-183
-188
-180
-169
-171
-202
-208
-213
-213
-188
-203
-179
-198
-237
-219
-229
-221
-226
-212
-217
-220
-199
-241
-250
-245
-230
-271
-287
-246
-222
-251
-309
-276
-284
-298
-298
-314
-297
-327
-309
-315
-339
-344
-319
-340
-352
-324
-312
-284
-348
-331
-345
-375
-355
-355
-379
-375
-339
-331
-365
-401
-391
-379
-399
-386
-377
-368
-370
-388
-360
-384
-403
-453
-407
-394
-436
-438
-449
-414
-433
-444
-464
-446
-383
-444
-442
-443
-484
-486
-495
-457
-483
-469
-440
-452
-462
-427
-450
-489
-481
-478
-461
-476
-495
-468
-478
-487
-467
-478
-496
-477
-421
-451
-484
-493
-480
-475
-473
-469
-429
-457
-478
-430
-455
-437
-454
-439
-423
-450
-392
-396
-425
-426
-438
-431
-421
-417
-411
-404
-424
-407
-392
-396
-381
-381
-385
-373
-357
-343
-359
-373
-385
-382
-338
-319
-314
-341
-346
-349
-349
-331
-316
-333
-335
-299
-296
-269
-274
-306
-303
-295
-279
-272
-224
-204
-239
-203
-205
-218
-189
-205
-174
-160
-170
-161
-155
-158
-150
-116
-149
-105
-62
-104
-90
-81
-115
-116
-85
-68
-97
-82
-72
-81
-82
-113
-94
-108
-114
-71
-17
-32
-21
-24
-45
-31
-30
-48
-61
-21
-24
-32
-56
-44
-52
-78
-57
-30
-4
2
8
16
7
1
-9
-27
-2
7
-28
-28
-17
-23
3
-32
-51
-18
-10
-21
-43
-24
-23
-11
-12
-23
-20
-55
6
9
-23
21
2
-22
-37
-44
5
-1
-71
-27
-10
-30
-29
-35
-29
-42
-51
-48
-43
-61
-74
-74
-77
-96
-48
-44
-96
-93
-126
-100
-109
-149
-107
-105
-110
-99
-139
-140
-146
-173
-149
-150
-141
-155
-177
-173
-194
-188
-188
-192
-198
-211
-166
-196
-248
-227
-244
-253
-256
-262
-264
-280
-271
-263
-262
-274
-280
-277
-309
-296
-242
-284
-318
-306
-298
-307
-339
-311
-303
-285
-315
-329
-296
-311
-293
-318
-346
-338
-315
-316
-357
-365
-351
-360
-385
-357
-342
-362
-384
-386
-381
-397
-372
-391
-373
-360
-383
-419
-420
-392
-419
-387
-395
-395
-370
-392
-403
-372
-392
-421
-397
-389
-401
-406
-399
-407
-415
-406
-418
-422
-412
-400
-379
-387
-377
-381
-368
-357
-374
-382
-358
-351
-357
-351
-371
-347
-348
-361
-371
-361
-310
-328
-363
-340
-357
-376
-370
-376
-395
-392
-374
-375
-393
-385
-359
-377
-383
-367
-325
-364
-394
-386
-392
-374
-374
-382
-376
-358
-351
-346
-373
-342
-353
-373
-356
-351
-310
-334
-354
-333
-332
-323
-329
-366
-349
-342
-326
-331
-358
-321
-351
-373
-340
-287
-290
-299
-329
-347
-308
-334
-275
-266
-310
-290
-281
-290
-286
-231
-214
-249
-258
-276
-269
-261
-248
-227
-241
-256
-247
-242
-253
-205
-181
-202
-226
-217
-194
-188
-200
-205
-165
-185
-241
-166
-159
-183
-189
-190
-164
-192
-202
-193
-166
-208
-212
-204
-205
-186
-144
-160
-209
-161
-182
-232
-203
-226
-229
-191
-209
-224
-233
-209
-205
-235
-237
-219
-185
-168
-199
-200
-201
-213
-213
-207
-199
-204
-209
-212
-214
-227
-237
-254
-270
-272
-255
-264
-267
-262
-271
-287
-295
-309
-306
-298
-297
-286
-310
-287
-302
-325
-381
-385
-341
-342
-318
-353
-366
-330
-368
-377
-370
-386
-337
-353
-361
-408
-393
-411
-468
-431
-385
-427
-447
-408
-430
-402
-446
-432
-442
-453
-466
-469
-458
-482
-484
-497
-486
-502
-498
-499
-499
-494
-518
-524
-489
-497
-503
-503
-493
-477
-547
-536
-528
-571
-548
-552
-540
-541
-567
-565
-560
-564
-553
-595
-631
-617
-617
-597
-595
-575
-612
-618
-611
-624
-590
-618
-641
-626
-623
-648
-646
-626
-606
-621
-597
-611
-658
-618
-619
-627
-653
-657
-629
-632
-622
-617
-631
-633
-658
-653
-640
-644
-633
-640
-642
-650
-650
-690
-685
-669
-638
-629
-660
-611
-632
-633
-622
-644
-663
-656
-604
-623
-645
-630
-620
-642
-625
-605
-608
-602
-633
-593
-582
-583
-595
-611
-605
-596
-554
-549
-575
-593
-580
-579
-554
-548
-524
-501
-528
-528
-518
-513
-508
-489
-492
-486
-500
-522
-492
-482
-474
-489
-497
-492
-452
-465
-499
-471
-501
-500
-484
-468
-457
-486
-452
-412
-439
-448
-446
-439
-411
-418
-427
-414
-410
-398
-384
-401
-411
-391
-391
-363
-339
-356
-381
-373
-341
-352
-334
-314
-321
-302
-309
-291
-301
-290
-290
-286
-248
-290
-257
-264
-280
-260
-255
-269
-267
-251
-240
-284
-292
-234
-250
-240
-242
-264
-264
-218
-200
-189
-226
-232
-208
-236
-217
-193
-193
-198
-200
-187
-204
-206
-186
-225
-204
-202
-177
-173
-189
-193
-219
-230
-218
-202
-196
-188
-201
-209
-214
-205
-207
-219
-200
-155
-189
-172
-179
-206
-201
-187
-190
-186
-156
-193
-175
-165
-153
-178
-181
-177
-211
-216
-201
-196
-208
-185
-210
-211
-174
-213
-186
-186
-230
-182
-212
-206
-207
-237
-238
-248
-209
-246
-289
-258
-229
-256
-249
-282
-264
-251
-283
-220
-251
-269
-257
-250
-261
-235
-243
-260
-218
-234
-262
-278
-263
-247
-243
-263
-277
-262
-251
-267
-297
-284
-279
-303
-252
-257
-269
-266
-286
-278
-285
-288
-252
-259
-290
-279
-299
-308
-301
-329
-334
-318
-314
-340
-357
-334
-354
-367
-355
-341
-338
-332
-357
-349
-334
-343
-355
-339
-362
-358
-344
-371
-357
-365
-360
-377
-360
-341
-303
-324
-358
-368
-368
-370
-356
-369
-386
-362
-372
-361
-357
-369
-395
-389
-373
-383
-372
-351
-342
-315
-361
-369
-348
-336
-345
-347
-315
-316
-338
-352
-339
-379
-353
-322
-324
-329
-348
-341
-353
-347
-329
-355
-356
-341
-296
-319
-355
-310
-338
-352
-367
-349
-318
-322
-322
-329
-297
-298
-315
-311
-364
-358
-343
-322
-314
-334
-339
-338
-320
-333
-317
-325
-309
-321
-335
-314
-334
-332
-316
-330
-322
-337
-349
-325
-315
-333
-355
-346
-315
-295
-319
-303
-285
-316
-314
-291
-282
-280
-245
-241
-275
-285
-310
-312
-303
-305
-280
-268
-299
-298
-305
-244
-252
-302
-285
-235
-228
-236
-269
-304
-279
-311
-301
-310
-282
-285
-308
-318
-317
-331
-319
-338
-348
-335
-328
-339
-385
-326
-355
-362
-360
-344
-322
-339
-344
-370
-366
-337
-320
-348
-333
-338
-334
-354
-371
-362
-376
-365
-399
-384
-343
-351
-392
-403
-393
-435
-421
-401
-419
-394
-406
-399
-384
-420
-414
-431
-444
-421
-413
-437
-426
-425
-441
-412
-450
-448
-436
-424
-410
-419
-438
-452
-473
-504
-479
-482
-432
-434
-479
-445
-451
-455
-437
-465
-466
-500
-477
-449
-459
-451
-475
-467
-447
-430
-426
-432
-499
-449
-474
-495
-437
-473
-472
-472
-428
-441
-457
-426
-433
-439
-458
-467
-443
-421
-461
-465
-440
-449
-445
-482
-475
-455
-441
-454
-472
-458
-479
-481
-471
-457
-436
-489
-525
-480
-526
-536
-534
-532
-510
-523
-514
-509
-530
-521
-512
-537
-520
-530
-482
-511
-533
-500
-508
-482
-504
-539
-559
-510
-490
-516
-521
-527
-546
-511
-532
-527
-460
-477
-488
-480
-467
-459
-447
-453
-455
-470
-448
-441
-462
-454
-471
-484
-485
-466
-450
-450
-428
-423
-427
-421
-398
-436
-434
-426
-429
-402
-429
-400
-400
-370
-375
-390
-326
-318
-363
-365
-361
-360
-338
-329
-318
-306
-341
-323
-310
-352
-330
-323
-323
-305
-264
-260
-261
-304
-304
-283
-274
-278
-285
-262
-252
-223
-212
-218
-259
-248
-248
-211
-156
-190
-207
-208
-205
-188
-228
-212
-199
-229
-204
-205
-220
-224
-214
-227
-199
-180
-168
-199
-204
-193
-236
-198
-211
-223
-191
-195
-203
-205
-232
-231
-236
-248
-240
-223
-195
-251
-257
-237
-232
-247
-257
-260
-283
-273
-267
-253
-286
-277
-302
-297
-287
-289
-282
-316
-304
-344
-310
-319
-340
-331
-325
-311
-298
-304
-324
-300
-325
-330
-327
-317
-302
-285
-335
-305
-298
-321
-302
-339
-293
-289
-330
-301
-313
-333
-328
-337
-337
-355
-333
-341
-361
-369
-365
-363
-351
-345
-373
-361
-326
-310
-353
-385
-367
-349
-342
-360
-340
-335
-380
-345
-361
-388
-363
-401
-402
-385
-368
-376
-391
-396
-392
-388
-390
-372
-358
-351
-398
-357
-348
-384
-370
-375
-390
-408
-408
-386
-395
-402
-391
-406
-414
-380
-358
-350
-346
-353
-359
-381
-375
-387
-373
-374
-363
-361
-373
-372
-363
-377
-382
-361
-305
-294
-365
-350
-369
-371
-367
-378
-372
-346
-321
-376
-387
-388
-395
-368
-336
-344
-340
-334
-347
-282
-340
-349
-335
-351
-322
-290
-237
-257
-238
-257
-268
-277
-253
-227
-206
-197
-233
-223
-219
-207
-172
-185
-202
-203
-174
-162
-154
-171
-181
-160
-182
-137
-99
-112
-135
-114
-124
-119
-106
-118
-125
-87
-74
-90
-76
-47
-44
-69
-72
-80
-39
-13
-18
-26
-37
-20
-30
-15
4
-29
0
-2
-6
-2
1
12
8
0
45
33
14
50
52
58
57
44
47
94
69
97
71
64
73
63
72
34
76
103
63
63
120
102
97
74
69
93
98
117
114
91
79
103
99
99
152
134
132
136
142
169
133
174
149
127
197
204
148
150
150
120
137
157
210
198
160
165
140
138
157
123
140
143
167
175
146
135
130
150
113
172
182
185
151
131
161
136
141
143
167
151
165
154
150
142
133
133
115
117
134
122
128
122
95
127
88
74
95
110
129
137
99
100
92
102
138
106
131
120
94
74
66
85
91
74
88
108
113
106
98
123
104
92
77
88
100
110
96
99
94
65
99
61
36
43
97
118
97
101
94
74
80
97
87
86
69
104
74
67
84
63
57
80
113
92
51
55
67
45
67
80
96
69
66
69
80
93
76
107
91
104
125
78
65
53
20
35
31
18
51
66
43
66
39
8
52
48
47
86
83
50
35
29
22
30
28
21
56
60
52
51
36
48
43
28
38
12
28
28
4
-27
-24
-1
-9
7
43
62
41
59
45
67
73
70
65
46
79
83
83
82
75
116
142
121
110
95
101
100
133
139
126
143
129
126
134
141
110
119
139
171
152
128
161
137
147
178
155
134
143
115
126
109
135
171
137
133
120
135
151
126
158
171
120
133
126
94
131
116
109
154
158
149
97
113
117
122
115
109
118
121
131
140
136
91
117
114
110
127
118
103
108
91
78
59
65
91
88
48
41
70
37
33
76
89
77
78
49
32
31
54
62
30
10
15
45
41
-3
24
27
-8
11
8
4
-11
-11
-12
-36
-15
-53
-63
-53
-67
-23
-60
-76
-30
-70
-91
-81
-110
-119
-105
-86
-114
-125
-120
-105
-113
-127
-127
-110
-99
-129
-134
-100
-102
-140
-153
-166
-146
-149
-153
-181
-203
-195
-221
-236
-190
-165
-183
-209
-215
-231
-266
-244
-255
-258
-240
-262
-247
-250
-273
-277
-270
-293
-311
-253
-259
-271
-284
-267
-259
-264
-294
-304
-311
-310
-273
-302
-294
-299
-313
-321
-310
-276
-286
-325
-256
-298
-324
-308
-372
-331
-318
-315
-296
-309
-309
-338
-342
-346
-359
-320
-357
-384
-372
-358
-358
-390
-377
-404
-428
-373
-381
-392
-417
-444
-416
-413
-443
-387
-434
-454
-398
-465
-427
-423
-465
-435
-412
-417
-435
-455
-405
-404
-430
-430
-420
-398
-424
-462
-434
-407
-415
-412
-436
-435
-489
-466
-454
-468
-465
-504
-469
-443
-459
-448
-473
-479
-424
-483
-500
-482
-468
-476
-470
-433
-429
-472
-469
-473
-504
-487
-494
-466
-463
-433
-423
-443
-466
-460
-465
-465
-438
-430
-439
-449
-427
-416
-476
-466
-421
-414
-414
-455
-412
-429
-436
-437
-447
-422
-431
-450
-434
-436
-444
-421
-472
-431
-406
-386
-390
-431
-445
-449
-422
-431
-387
-407
-405
-387
-417
-403
-406
-436
-453
-448
-399
-353
-384
-422
-387
-390
-397
-384
-410
-382
-382
-377
-380
-391
-381
-369
-408
-439
-417
-393
-409
-455
-444
-433
-454
-439
-422
-463
-442
-423
-444
-441
-457
-470
-453
-446
-441
-405
-411
-455
-439
-444
-468
-492
-480
-445
-435
-440
-462
-447
-458
-435
-469
-494
-441
-459
-463
-499
-486
-469
-475
-486
-486
-495
-485
-441
-495
-483
-485
-506
-490
-496
-484
-480
-509
-508
-492
-493
-504
-498
-536
-562
-526
-534
-523
-545
-569
-526
-549
-578
-572
-565
-557
-604
-582
-548
-550
-536
-554
-594
-561
-552
-596
-600
-610
-651
-638
-615
-620
-597
-610
-591
-595
-604
-617
-622
-584
-584
-604
-573
-601
-653
-595
-609
-637
-632
-615
-578
-618
-638
-580
-584
-605
-560
-598
-621
-571
-564
-588
-594
-606
-616
-617
-621
-585
-552
-569
-578
-563
-579
-569
-574
-606
-579
-590
-583
-583
-628
-581
-578
-600
-560
-555
-548
-550
-609
-557
-568
-590
-562
-575
-542
-547
-543
-529
-549
-561
-548
-555
-558
-556
-526
-519
-528
-552
-530
-521
-515
-502
-526
-508
-495
-515
-532
-501
-515
-524
-531
-497
-458
-462
-474
-460
-480
-476
-448
-464
-454
-475
-437
-424
-460
-425
-428
-458
-443
-465
-433
-424
-423
-420
-406
-368
-361
-367
-405
-359
-368
-357
-362
-381
-375
-373
-322
-351
-301
-307
-338
-307
-314
-300
-309
-319
-325
-280
-247
-268
-302
-285
-297
-273
-259
-273
-234
-255
-255
-223
-257
-254
-228
-248
-238
-255
-220
-212
-227
-214
-239
-267
-274
-256
-214
-211
-227
-223
-237
-237
-199
-220
-228
-218
-212
-161
-181
-205
-237
-219
-196
-194
-154
-177
-182
-179
-177
-181
-199
-181
-168
-198
-212
-164
-194
-177
-158
-163
-177
-168
-122
-144
-149
-147
-146
-162
-152
-152
-138
-151
-124
-113
-142
-129
-152
-179
-112
-100
-89
-99
-157
-123
-130
-101
-108
-142
-166
-129
-133
-127
-115
-174
-168
-177
-159
-119
-97
-109
-135
-129
-141
-148
-156
-190
-147
-115
-122
-117
-127
-128
-129
-151
-157
-169
-130
-133
-151
-119
-137
-152
-152
-124
-145
-154
-130
-135
-129
-160
-180
-182
-215
-177
-154
-167
-192
-175
-181
-178
-160
-194
-167
-157
-149
-154
-162
-157
-138
-135
-144
-140
-116
-123
-140
-128
-128
-122
-121
-133
-125
-163
-145
-114
-144
-119
-157
-146
-120
-129
-111
-86
-149
-133
-126
-151
-139
-147
-142
-140
-131
-163
-131
-167
-156
-159
-190
-164
-122
-122
-154
-139
-171
-169
-166
-178
-183
-180
-154
-174
-194
-187
-203
-218
-177
-153
-110
-109
-147
-119
-135
-142
-168
-162
-165
-164
-134
-121
-156
-161
-127
-123
-142
-142
-107
-105
-143
-112
-96
-111
-105
-108
-75
-97
-95
-95
-70
-92
-110
-96
-114
-107
-84
-66
-105
-84
-80
-92
-92
-116
-107
-104
-112
-86
-95
-124
-109
-134
-113
-123
-61
-63
-118
-98
-139
-107
-107
-107
-130
-111
-93
-105
-112
-111
-119
-135
-132
-140
-110
-102
-117
-110
-109
-146
-111
-116
-137
-124
-137
-142
-147
-159
-135
-147
-160
-136
-101
-108
-151
-142
-156
-170
-221
-187
-191
-218
-186
-190
-216
-220
-240
-246
-245
-236
-182
-225
-248
-237
-220
-234
-216
-238
-242
-233
-237
-240
-274
-261
-262
-279
-274
-247
-267
-278
-278
-302
-283
-262
-307
-286
-291
-322
-302
-305
-325
-332
-320
-325
-343
-302
-268
-293
-318
-341
-335
-334
-334
-331
-325
-319
-319
-317
-324
-336
-352
-350
-325
-333
-323
-321
-329
-330
-322
-344
-356
-360
-364
-368
-351
-346
-367
-347
-368
-384
-381
-368
-365
-379
-368
-354
-405
-387
-388
-392
-379
-402
-375
-379
-368
-368
-360
-365
-403
-367
-355
-374
-401
-367
-371
-409
-377
-433
-425
-417
-405
-397
-409
-400
-432
-442
-471
-431
-406
-428
-457
-450
-422
-444
-411
-408
-419
-418
-442
-443
-471
-485
-475
-467
-455
-480
-462
-449
-468
-440
-467
-486
-464
-456
-452
-459
-468
-469
-477
-468
-452
-442
-472
-461
-432
-461
-447
-461
-420
-428
-441
-425
-470
-451
-411
-430
-463
-453
-445
-440
-456
-452
-447
-451
-438
-430
-446
-429
-437
-446
-427
-443
-406
-421
-446
-430
-448
-464
-460
-443
-393
-352
-418
-416
-402
-421
-402
-404
-384
-368
-367
-372
-384
-419
-405
-409
-419
-404
-392
-376
-369
-370
-376
-389
-438
-406
-404
-378
-349
-387
-397
-425
-402
-373
-380
-366
-346
-346
-345
-344
-356
-357
-316
-347
-334
-319
-318
-312
-354
-340
-331
-342
-343
-333
-297
-288
-337
-313
-318
-305
-322
-357
-314
-331
-339
-330
-334
-318
-327
-338
-343
-358
-340
-286
-319
-339
-312
-364
-346
-355
-365
-333
-311
-339
-377
-364
-372
-385
-407
-414
-403
-381
-418
-424
-387
-396
-399
-400
-401
-413
-407
-408
-444
-459
-458
-453
-446
-450
-417
-452
-464
-450
-473
-451
-459
-484
-499
-512
-481
-484
-505
-484
-486
-497
-513
-472
-489
-495
-525
-507
-524
-511
-488
-553
-526
-549
-529
-559
-579
-588
-565
-579
-600
-589
-568
-570
-590
-576
-600
-583
-608
-623
-620
-619
-617
-604
-631
-617
-639
-663
-654
-652
-601
-654
-688
-666
-651
-664
-674
-700
-713
-699
-677
-670
-724
-715
-729
-752
-706
-699
-667
-673
-704
-692
-725
-708
-728
-720
-711
-712
-713
-722
-702
-723
-712
-710
-709
-719
-690
-714
-738
-703
-681
-713
-730
-720
-719
-687
-697
-710
-706
-680
-720
-706
-731
-729
-654
-698
-700
-714
-723
-702
-699
-710
-702
-690
-665
-659
-692
-636
-653
-674
-698
-704
-654
-667
-658
-675
-655
-662
-659
-649
-623
-594
-636
-616
-629
-630
-633
-659
-631
-623
-608
-593
-641
-624
-603
-626
-624
-601
-611
-640
-601
-588
-608
-621
-632
-634
-626
-614
-567
-550
-574
-549
-541
-538
-533
-562
-528
-531
-509
-509
-519
-508
-542
-544
-516
-475
-501
-495
-509
-497
-474
-501
-496
-490
-490
-484
-469
-494
-507
-487
-507
-517
-498
-460
-461
-470
-476
-491
-484
-501
-517
-523
-512
-513
-490
-488
-496
-481
-517
-548
-509
-449
-435
-468
-518
-525
-491
-462
-449
-512
-493
-458
-469
-480
-504
-477
-489
-498
-503
-493
-485
-455
-460
-427
-447
-490
-459
-472
-450
-446
-447
-465
-496
-462
-484
-506
-490
-528
-511
-503
-512
-500
-519
-546
-523
-562
-548
-534
-564
-559
-570
-560
-582
-586
-601
-588
-542
-590
-606
-558
-579
-600
-606
-609
-639
-598
-587
-646
-657
-603
-603
-644
-631
-643
-606
-618
-632
-628
-644
-649
-631
-653
-656
-628
-627
-660
-691
-665
-687
-723
-744
-689
-656
-688
-734
-758
-747
-736
-703
-716
-758
-716
-688
-689
-698
-719
-709
-743
-734
-718
-713
-734
-757
-727
-712
-725
-726
-711
-738
-736
-714
-711
-708
-724
-744
-728
-715
-712
-720
-711
-709
-705
-694
-696
-733
-726
-729
-748
-682
-741
-749
-741
-736
-740
-746
-716
-708
-681
-718
-706
-701
-721
-731
-751
-723
-730
-732
-714
-695
-702
-770
-757
-738
-703
-710
-711
-719
-693
-691
-713
-694
-709
-699
-733
-685
-691
-728
-699
-689
-718
-720
-677
-669
-655
-624
-686
-678
-663
-676
-673
-678
-658
-649
-614
-633
-637
-635
-644
-634
-643
-647
-629
-614
-599
-607
-579
-581
-600
-590
-576
-565
-539
-572
-571
-562
-565
-571
-581
-516
-560
-581
-584
-580
-546
-535
-557
-536
-508
-475
-461
-494
-485
-480
-490
-491
-470
-413
-425
-440
-409
-436
-455
-437
-415
-413
-389
-387
-363
-396
-399
-379
-392
-391
-360
-323
-320
-325
-317
-298
-318
-314
-308
-305
-302
-249
-286
-300
-313
-314
-275
-281
-293
-301
-280
-273
-227
-222
-233
-218
-228
-253
-245
-244
-229
-257
-247
-262
-276
-280
-279
-242
-257
-285
-303
-284
-271
-278
-290
-270
-284
-237
-245
-253
-261
-272
-291
-311
-274
-216
-218
-276
-231
-249
-225
-237
-236
-238
-254
-218
-250
-269
-242
-247
-270
-233
-250
-221
-209
-249
-236
-253
-246
-248
-244
-243
-244
-231
-224
-208
-209
-219
-231
-198
-218
-188
-201
-243
-207
-213
-222
-251
-225
-201
-201
-198
-229
-223
-211
-239
-237
-276
-273
-219
-199
-227
-230
-247
-261
-232
-249
-253
-252
-229
-223
-237
-229
-235
-261
-249
-280
-233
-215
-254
-242
-246
-218
-223
-235
-226
-210
-226
-203
-223
-268
-278
-296
-262
-243
-216
-233
-293
-255
-251
-277
-234
-232
-239
-202
-206
-201
-206
-238
-224
-237
-227
-225
-215
-196
-235
-239
-211
-212
-234
-202
-213
-206
-175
-176
-185
-189
-194
-189
-186
-183
-150
-149
-165
-181
-162
-168
-182
-139
-122
-163
-151
-186
-195
-179
-215
-216
-232
-212
-166
-192
-225
-192
-191
-178
-170
-184
-188
-182
-136
-147
-196
-167
-180
-217
-196
-187
-143
-154
-164
-166
-159
-159
-181
-176
-203
-152
-165
-175
-152
-159
-162
-131
-119
-119
-86
-135
-117
-92
-70
-48
-81
-68
-86
-71
-17
-33
-33
5
-8
-21
23
22
40
20
-4
45
43
53
29
13
40
27
28
58
74
57
64
36
16
49
71
43
31
44
60
69
68
83
89
85
45
41
23
48
63
9
12
21
41
69
64
35
24
34
11
14
47
23
35
13
-17
11
-30
-30
-18
-10
0
10
3
-8
-24
-46
-33
-68
-23
-18
-21
-28
-58
-34
-57
-84
-60
-40
-17
-6
-41
-47
-38
-14
-20
-45
-34
-30
-48
-36
-55
-48
-79
-89
-57
-47
-59
-61
-61
-61
-60
-90
-78
-114
-94
-85
-72
-96
-107
-74
-114
-112
-106
-104
-51
-20
-39
-47
-53
-32
-37
-56
-84
-93
-63
-57
-83
-93
-128
-123
-81
-104
-72
-87
-122
-134
-147
-127
-146
-169
-176
-151
-142
-125
-157
-196
-177
-164
-184
-227
-185
-175
-220
-204
-207
-228
-201
-194
-204
-223
-211
-197
-198
-209
-245
-219
-197
-231
-199
-193
-241
-234
-224
-207
-233
-223
-264
-284
-244
-218
-250
-259
-229
-260
-245
-233
-174
-181
-214
-206
-177
-205
-246
-239
-213
-192
-201
-187
-184
-163
-166
-180
-172
-167
-146
-139
-159
-152
-150
-134
-130
-105
-147
-124
-87
-91
-93
-114
-92
-131
-142
-132
-109
-127
-152
-136
-129
-133
-138
-143
-115
-128
-98
-115
-142
-126
-129
-137
-134
-108
-108
-83
-125
-103
-80
-104
-127
-129
-129
-105
-82
-118
-113
-96
-95
-127
-168
-136
-107
-105
-134
-140
-99
-130
-171
-152
-150
-153
-98
-92
-117
-117
-131
-138
-136
-123
-69
-114
-118
-109
-125
-131
-130
-132
-159
-140
-135
-112
-146
-169
-180
-182
-166
-182
-150
-134
-158
-152
-184
-158
-178
-198
-174
-193
-170
-160
-193
-177
-179
-218
-180
-168
-154
-157
-182
-191
-191
-216
-192
-171
-172
-192
-211
-194
-213
-187
-195
-228
-258
-227
-191
-225
-266
-262
-241
-235
-242
-258
-261
-242
-197
-209
-258
-267
-292
-300
-277
-272
-280
-332
-302
-283
-324
-346
-325
-292
-295
-322
-325
-313
-313
-286
-326
-322
-322
-337
-308
-316
-339
-338
-346
-361
-347
-357
-383
-403
-357
-335
-380
-382
-366
-417
-420
-371
-355
-399
-409
-375
-366
-368
-414
-422
-435
-401
-349
-358
-428
-422
-356
-389
-389
-410
-376
-395
-409
-341
-408
-419
-392
-366
-378
-398
-381
-383
-377
-377
-394
-382
-425
-413
-395
-394
-426
-435
-375
-425
-408
-418
-445
-459
-415
-417
-417
-454
-454
-445
-478
-412
-463
-463
-447
-429
-414
-476
-470
-504
-522
-471
-471
-472
-494
-480
-476
-477
-478
-486
-460
-462
-513
-508
-514
-496
-461
-490
-534
-509
-484
-510
-463
-473
-508
-508
-477
-466
-451
-445
-454
-457
-454
-447
-438
-467
-436
-409
-420
-429
-433
-426
-431
-428
-407
-406
-445
-416
-426
-398
-423
-417
-373
-389
-403
-397
-388
-396
-398
-374
-375
-387
-344
-360
-333
-311
-345
-336
-334
-350
-336
-355
-329
-325
-313
-305
-294
-279
-294
-309
-278
-245
-241
-221
-250
-252
-268
-248
-263
-268
-260
-270
-266
-237
-249
-247
-252
-295
-262
-256
-247
-238
-270
-247
-221
-249
-207
-217
-217
-187
-192
-196
-193
-177
-176
-157
-193
-187
-156
-130
-140
-177
-137
-162
-150
-157
-204
-203
-185
-181
-151
-129
-166
-201
-210
-175
-160
-172
-175
-155
-171
-170
-185
-180
-195
-201
-152
-196
-215
-189
-199
-220
-173
-172
-167
-177
-203
-150
-169
-186
-202
-230
-245
-228
-200
-198
-239
-238
-217
-243
-238
-195
-182
-213
-259
-281
-249
-250
-219
-251
-260
-216
-236
-271
-247
-239
-286
-275
-305
-291
-260
-265
-277
-246
-284
-281
-248
-288
-237
-295
-250
-227
-266
-259
-266
-257
-284
-265
-254
-261
-296
-267
-296
-302
-302
-315
-274
-262
-272
-303
-294
-280
-309
-317
-320
-314
-274
-292
-284
-299
-303
-323
-323
-280
-307
-331
-283
-281
-298
-300
-320
-305
-334
-313
-282
-301
-330
-338
-352
-330
-320
-360
-364
-355
-345
-339
-401
-367
-366
-386
-341
-391
-330
-367
-392
-307
-319
-350
-341
-321
-358
-342
-293
-330
-323
-330
-336
-334
-344
-322
-328
-322
-340
-331
-331
-344
-356
-350
-357
-356
-329
-329
-324
-333
-320
-314
-330
-310
-261
-274
-289
-258
-296
-292
-277
-265
-254
-255
-246
-234
-241
-270
-269
-275
-233
-255
-247
-246
-252
-221
-232
-282
-281
-261
-253
-231
-264
-250
-231
-219
-205
-207
-225
-185
-163
-177
-189
-188
-193
-203
-187
-198
-209
-209
-189
-189
-186
-157
-171
-185
-180
-144
-144
-148
-149
-156
-158
-175
-181
-225
-201
-185
-173
-159
-181
-164
-166
-179
-175
-151
-132
-155
-179
-173
-157
-161
-154
-155
-126
-139
-137
-127
-147
-127
-153
-149
-149
-147
-144
-114
-132
-139
-119
-155
-133
-141
-160
-147
-157
-136
-152
-196
-209
-205
-183
-175
-161
-202
-203
-218
-187
-158
-205
-185
-195
-209
-210
-185
-230
-217
-215
-222
-210
-274
-221
-190
-197
-172
-164
-208
-173
-183
-159
-175
-176
-157
-205
-173
-203
-219
-245
-184
-158
-152
-213
-227
-217
-233
-177
-219
-198
-215
-197
-197
-230
-197
-207
-224
-189
-195
-190
-184
-229
-213
-223
-210
-225
-262
-226
-240
-251
-245
-283
-248
-243
-234
-279
-288
-237
-262
-253
-265
-257
-276
-294
-276
-257
-285
-265
-273
-267
-251
-288
-277
-266
-262
-220
-259
-304
-282
-287
-265
-258
-249
-253
-229
-233
-207
-225
-243
-227
-247
-250
-240
-226
-230
-226
-232
-216
-242
-258
-253
-268
-247
-220
-225
-214
-264
-267
-241
-253
-243
-209
-204
-232
-225
-254
-289
-256
-229
-260
-248
-251
-219
-221
-231
-225
-254
-247
-252
-250
-245
-240
-267
-295
-261
-243
-245
-239
-257
-225
-240
-257
-238
-252
-247
-263
-250
-220
-237
-259
-245
-234
-238
-227
-219
-190
-194
-183
-196
-203
-168
-175
-173
-196
-173
-170
-161
-158
-148
-159
-166
-144
-177
-154
-163
-148
-144
-151
-144
-150
-178
-165
-132
-100
-113
-175
-135
-142
-127
-125
-139
-102
-126
-119
-95
-110
-70
-70
-82
-61
-84
-38
-31
-87
-63
-58
-49
-33
-77
-96
-84
-50
-37
-86
-75
-34
-62
-80
-58
-57
-59
-61
-65
-99
-111
-94
-127
-125
-98
-75
-85
-96
-94
-128
-154
-119
-117
-137
-132
-98
-97
-110
-84
-106
-149
-149
-168
-154
-146
-166
-133
-154
-182
-188
-178
-156
-171
-210
-201
-208
-206
-182
-183
-183
-174
-176
-176
-206
-233
-234
-236
-221
-226
-222
-218
-249
-226
-227
-274
-252
-280
-245
-243
-239
-247
-245
-259
-268
-255
-280
-283
-289
-278
-313
-311
-331
-309
-337
-322
-322
-351
-338
-355
-385
-372
-395
-430
-430
-427
-385
-396
-423
-440
-428
-429
-417
-465
-479
-480
-459
-470
-470
-481
-505
-521
-548
-512
-518
-518
-526
-516
-540
-521
-527
-563
-561
-533
-526
-542
-521
-565
-571
-553
-588
-579
-544
-538
-564
-582
-570
-562
-562
-588
-610
-609
-584
-587
-616
-587
-623
-611
-607
-606
-570
-622
-610
-629
-632
-598
-588
-619
-597
-605
-599
-580
-644
-605
-580
-622
-610
-599
-599
-602
-653
-627
-629
-661
-626
-602
-642
-643
-612
-585
-613
-619
-622
-667
-641
-625
-612
-626
-635
-636
-629
-624
-640
-647
-643
-614
-591
-622
-644
-642
-623
-609
-627
-604
-576
-600
-642
-646
-617
-620
-614
-575
-596
-638
-619
-577
-597
-591
-603
-623
-620
-609
-588
-590
-597
-642
-617
-600
-615
-602
-628
-628
-610
-644
-639
-568
-580
-604
-608
-613
-554
-578
-592
-581
-580
-576
-577
-582
-576
-563
-544
-534
-560
-566
-591
-592
-591
-549
-524
-526
-550
-546
-527
-531
-532
-543
-522
-523
-499
-481
-491
-493
-519
-502
-513
-544
-470
-469
-481
-467
-488
-478
-476
-475
-467
-472
-443
-451
-496
-501
-481
-519
-533
-507
-506
-515
-521
-474
-526
-532
-492
-515
-533
-560
-579
-570
-561
-566
-571
-589
-587
-554
-533
-547
-585
-576
-552
-569
-574
-626
-630
-620
-589
-598
-582
-611
-624
-595
-642
-637
-648
-649
-651
-623
-638
-648
-652
-668
-681
-640
-626
-624
-653
-646
-635
-670
-646
-675
-645
-652
-657
-638
-669
-671
-668
-684
-669
-651
-664
-655
-666
-671
-672
-675
-658
-677
-636
-635
-645
-637
-665
-673
-663
-670
-661
-659
-656
-656
-673
-647
-673
-697
-734
-713
-712
-723
-743
-732
-756
-752
-704
-755
-731
-754
-730
-727
-760
-734
-734
-729
-729
-723
-683
-696
-745
-703
-684
-712
-704
-733
-735
-710
-703
-683
-699
-710
-705
-703
-704
-709
-674
-674
-698
-658
-663
-653
-666
-688
-674
-679
-652
-696
-732
-703
-706
-732
-709
-707
-681
-682
-717
-696
-687
-674
-705
-734
-738
-719
-696
-669
-725
-718
-718
-725
-695
-707
-667
-676
-713
-700
-686
-693
-681
-717
-710
-688
-662
-669
-676
-675
-695
-728
-704
-670
-650
-657
-714
-676
-664
-660
-642
-665
-685
-671
-646
-618
-635
-629
-636
-652
-638
-609
-620
-614
-612
-624
-609
-620
-595
-583
-566
-591
-579
-589
-604
-591
-592
-591
-608
-581
-532
-525
-546
-578
-558
-544
-562
-550
-545
-527
-561
-513
-517
-525
-519
-551
-542
-545
-517
-506
-566
-567
-545
-554
-525
-545
-519
-523
-500
-483
-496
-498
-471
-475
-517
-467
-418
-452
-510
-481
-434
-426
-452
-441
-446
-424
-386
-420
-430
-431
-436
-455
-469
-448
-413
-462
-491
-448
-455
-481
-474
-466
-478
-492
-483
-477
-502
-486
-506
-507
-520
-497
-448
-448
-474
-468
-445
-494
-500
-484
-486
-512
-482
-503
-544
-522
-552
-567
-561
-551
-533
-544
-563
-516
-513
-533
-515
-551
-523
-520
-559
-568
-588
-599
-609
-611
-601
-585
-548
-583
-610
-580
-604
-622
-621
-598
-614
-630
-620
-632
-638
-617
-612
-628
-629
-610
-592
-601
-650
-644
-657
-651
-642
-646
-648
-634
-617
-655
-634
-661
-667
-667
-691
-707
-675
-676
-693
-711
-737
-733
-735
-755
-736
-690
-690
-660
-698
-729
-740
-755
-742
-727
-709
-707
-759
-753
-746
-745
-731
-725
-688
-705
-677
-696
-715
-720
-716
-693
-727
-730
-707
-700
-710
-698
-724
-725
-727
-735
-711
-705
-702
-719
-699
-702
-702
-672
-718
-712
-635
-685
-664
-626
-651
-640
-662
-667
-651
-642
-646
-636
-655
-646
-625
-646
-642
-623
-599
-588
-605
-585
-575
-587
-601
-593
-613
-624
-585
-581
-600
-609
-611
-619
-628
-591
-551
-567
-564
-584
-579
-570
-586
-574
-578
-546
-534
-550
-538
-562
-552
-561
-538
-507
-523
-503
-522
-494
-475
-505
-476
-477
-492
-476
-446
-432
-456
-450
-441
-410
-401
-404
-398
-416
-438
-420
-421
-434
-384
-399
-389
-377
-376
-368
-367
-324
-369
-368
-338
-345
-305
-324
-324
-314
-311
-290
-290
-307
-323
-313
-268
-240
-279
-273
-278
-300
-268
-264
-253
-261
-276
-242
-254
-268
-264
-293
-247
-235
-244
-207
-233
-215
-235
-254
-232
-209
-169
-183
-186
-187
-216
-213
-182
-181
-178
-175
-185
-199
-185
-169
-192
-221
-208
-208
-214
-201
-234
-236
-231
-218
-212
-235
-237
-251
-245
-249
-251
-258
-263
-274
-270
-266
-263
-238
-292
-251
-247
-264
-267
-293
-253
-277
-261
-266
-278
-275
-310
-294
-319
-327
-268
-292
-279
-287
-315
-309
-306
-292
-320
-295
-308
-318
-325
-326
-306
-337
-351
-337
-299
-315
-317
-309
-322
-334
-354
-369
-357
-370
-373
-335
-375
-370
-379
-379
-332
-346
-340
-325
-335
-327
-329
-348
-336
-356
-352
-343
-318
-350
-375
-341
-340
-353
-357
-331
-318
-308
-363
-341
-341
-347
-342
-378
-342
-347
-379
-362
-328
-335
-321
-370
-368
-290
-288
-296
-316
-315
-297
-324
-334
-314
-318
-311
-285
-328
-346
-336
-359
-329
-371
-374
-317
-339
-362
-378
-380
-370
-371
-369
-333
-352
-367
-336
-370
-357
-376
-369
-398
-403
-317
-357
-362
-334
-349
-363
-348
-348
-313
-327
-345
-328
-355
-367
-333
-323
-323
-314
-325
-315
-314
-306
-303
-284
-285
-313
-330
-319
-299
-295
-317
-321
-336
-347
-330
-310
-326
-328
-353
-341
-318
-330
-312
-344
-357
-362
-343
-349
-356
-380
-373
-355
-347
-321
-316
-313
-285
-302
-318
-287
-311
-304
-318
-299
-283
-295
-288
-282
-308
-345
-322
-296
-285
-284
-316
-289
-282
-314
-287
-294
-282
-277
-286
-280
-268
-267
-228
-249
-280
-239
-239
-249
-239
-224
-251
-223
-236
-225
-215
-261
-246
-241
-251
-230
-218
-272
-262
-269
-251
-258
-318
-282
-286
-290
-316
-321
-325
-329
-282
-309
-326
-336
-372
-373
-367
-367
-356
-361
-403
-417
-355
-369
-414
-438
-464
-445
-419
-381
-389
-429
-432
-443
-426
-411
-412
-431
-443
-419
-426
-411
-425
-419
-436
-432
-409
-416
-400
-436
-441
-444
-411
-412
-428
-428
-460
-434
-437
-412
-420
-460
-429
-406
-415
-412
-417
-438
-429
-455
-487
-480
-461
-452
-480
-438
-403
-471
-464
-483
-482
-453
-449
-466
-505
-489
-474
-486
-517
-490
-480
-454
-453
-463
-465
-485
-477
-467
-474
-481
-441
-474
-487
-484
-492
-499
-509
-486
-440
-468
-517
-474
-484
-482
-488
-485
-497
-519
-508
-499
-511
-505
-499
-511
-478
-455
-464
-509
-510
-491
-479
-492
-495
-513
-543
-506
-501
-504
-528
-526
-494
-507
-531
-529
-492
-472
-476
-501
-478
-462
-482
-484
-479
-474
-498
-500
-493
-522
-519
-526
-538
-518
-498
-485
-537
-513
-481
-496
-487
-493
-516
-512
-455
-440
-478
-464
-471
-478
-438
-439
-421
-441
-440
-429
-409
-436
-429
-403
-426
-384
-393
-415
-409
-374
-360
-363
-357
-332
-328
-314
-362
-365
-333
-357
-334
-311
-302
-316
-293
-298
-309
-279
-262
-269
-272
-264
-223
-237
-264
-248
-237
-247
-250
-240
-271
-272
-238
-231
-208
-180
-215
-226
-235
-239
-193
-187
-222
-188
-200
-214
-201
-241
-213
-208
-191
-184
-218
-210
-222
-216
-218
-199
-177
-206
-201
-168
-166
-208
-218
-216
-235
-196
-163
-197
-215
-186
-179
-216
-213
-208
-168
-167
-172
-177
-198
-170
-185
-188
-183
-177
-182
-176
-193
-197
-209
-196
-200
-186
-136
-157
-207
-211
-203
-189
-179
-206
-216
-227
-190
-197
-191
-189
-180
-203
-224
-212
-205
-209
-237
-227
-253
-255
-218
-219
-248
-238
-206
-217
-204
-226
-249
-245
-251
-255
-243
-209
-247
-221
-238
-271
-257
-267
-252
-255
-226
-252
-280
-280
-296
-277
-296
-302
-309
-303
-328
-317
-312
-335
-322
-337
-314
-330
-300
-297
-317
-298
-313
-332
-308
-318
-293
-309
-324
-309
-318
-312
-319
-309
-347
-340
-356
-359
-403
-358
-358
-403
-368
-399
-370
-382
-409
-370
-364
-374
-356
-394
-394
-357
-382
-383
-388
-391
-388
-404
-394
-397
-344
-357
-399
-363
-364
-365
-356
-377
-391
-393
-346
-341
-375
-357
-384
-404
-382
-366
-337
-339
-380
-377
-360
-342
-356
-371
-355
-318
-293
-322
-334
-310
-305
-294
-293
-320
-298
-267
-281
-243
-242
-256
-254
-255
-209
-232
-234
-243
-233
-202
-206
-190
-209
-196
-164
-159
-188
-156
-136
-177
-172
-175
-159
-157
-114
-99
-148
-112
-116
-136
-109
-89
-81
-85
-100
-76
-61
-92
-79
-93
-83
-65
-33
-11
-40
-42
-39
-50
-74
-51
1
0
-46
-44
-48
-39
-39
-68
-28
-31
-31
-36
-55
-14
-38
-62
-63
-42
-6
-5
-26
-34
-19
-33
-42
-16
-18
-48
-14
-47
-36
-12
-47
-34
-63
-39
-36
-33
-31
-43
-57
-47
-55
-76
-52
-56
-55
-58
-77
-104
-115
-108
-90
-122
-94
-117
-162
-126
-146
-154
-128
-178
-177
-130
-164
-172
-177
-186
-175
-204
-218
-204
-183
-216
-232
-214
-249
-237
-273
-267
-283
-264
-243
-271
-275
-310
-333
-333
-311
-305
-266
-280
-324
-297
-310
-362
-341
-364
-384
-355
-330
-351
-357
-364
-390
-412
-411
-410
-410
-389
-427
-389
-399
-415
-392
-427
-445
-422
-408
-408
-424
-420
-421
-432
-437
-446
-420
-422
-437
-473
-447
-452
-443
-468
-482
-448
-436
-415
-444
-444
-464
-432
-421
-420
-397
-433
-465
-481
-460
-490
-494
-483
-495
-507
-474
-440
-513
-482
-486
-516
-492
-513
-489
-462
-501
-500
-500
-479
-466
-480
-474
-492
-466
-438
-443
-460
-469
-505
-464
-450
-438
-436
-471
-448
-454
-446
-453
-423
-417
-422
-398
-412
-431
-442
-437
-424
-440
-417
-401
-412
-389
-405
-382
-373
-363
-360
-360
-354
-365
-337
-357
-336
-315
-345
-344
-352
-327
-294
-336
-275
-265
-304
-286
-305
-280
-264
-210
-207
-221
-220
-216
-203
-198
-190
-178
-139
-168
-176
-161
-161
-163
-190
-195
-169
-166
-179
-189
-177
-150
-195
-205
-186
-178
-187
-207
-180
-168
-162
-155
-141
-159
-158
-119
-134
-146
-135
-135
-129
-156
-129
-93
-123
-117
-97
-105
-103
-131
-150
-139
-123
-75
-83
-131
-113
-112
-132
-115
-121
-91
-104
-139
-116
-92
-82
-68
-99
-115
-76
-70
-69
-65
-89
-106
-123
-113
-69
-75
-81
-105
-101
-93
-103
-84
-118
-147
-136
-74
-60
-93
-105
-126
-130
-146
-120
-112
-130
-126
-110
-99
-99
-122
-127
-112
-144
-136
-135
-154
-140
-151
-170
-152
-138
-148
-128
-179
-211
-211
-224
-182
-223
-224
-200
-203
-211
-241
-246
-249
-249
-232
-208
-217
-233
-268
-228
-197
-221
-227
-237
-229
-235
-242
-236
-232
-258
-251
-276
-289
-270
-257
-269
-297
-287
-322
-306
-288
-309
-333
-340
-309
-330
-365
-368
-354
-349
-372
-366
-329
-357
-389
-376
-391
-388
-392
-432
-415
-432
-420
-400
-425
-403
-411
-423
-437
-432
-421
-380
-393
-433
-408
-438
-427
-440
-450
-435
-441
-436
-478
-473
-488
-470
-476
-500
-439
-432
-432
-473
-451
-441
-473
-486
-468
-458
-474
-462
-477
-433
-465
-500
-477
-474
-448
-420
-458
-474
-481
-454
-442
-450
-427
-436
-389
-398
-417
-408
-370
-412
-424
-375
-346
-358
-402
-381
-364
-328
-348
-340
-325
-342
-346
-355
-345
-332
-345
-334
-353
-351
-309
-336
-348
-302
-330
-362
-324
-311
-278
-296
-291
-299
-310
-294
-288
-303
-299
-285
-291
-286
-277
-280
-270
-257
-247
-249
-268
-246
-256
-219
-238
-252
-221
-230
-228
-205
-184
-166
-176
-163
-126
-150
-162
-144
-143
-159
-168
-165
-155
-135
-139
-169
-171
-161
-147
-123
-142
-163
-129
-143
-154
-163
-122
-130
-106
-89
-109
-121
-157
-130
-174
-148
-103
-130
-144
-121
-142
-142
-131
-154
-159
-148
-120
-105
-136
-169
-166
-167
-156
-152
-142
-133
-143
-152
-148
-149
-160
-170
-164
-156
-166
-178
-140
-172
-188
-177
-196
-173
-123
-134
-163
-126
-184
-186
-187
-174
-201
-240
-180
-196
-188
-210
-242
-249
-252
-239
-196
-211
-234
-220
-232
-233
-260
-239
-244
-237
-221
-201
-211
-249
-210
-211
-258
-262
-189
-203
-234
-259
-240
-220
-242
-215
-235
-228
-217
-187
-214
-229
-198
-218
-211
-227
-199
-193
-202
-197
-197
-224
-243
-217
-242
-241
-238
-264
-271
-287
-285
-303
-327
-290
-297
-305
-331
-317
-320
-344
-330
-344
-328
-329
-323
-351
-359
-349
-371
-389
-393
-391
-351
-371
-408
-380
-378
-412
-404
-408
-419
-405
-387
-391
-411
-412
-453
-447
-459
-449
-416
-405
-429
-447
-447
-435
-417
-413
-418
-424
-427
-414
-400
-421
-427
-434
-437
-418
-365
-378
-405
-385
-372
-414
-378
-346
-350
-338
-373
-382
-387
-376
-384
-366
-378
-396
-353
-348
-387
-401
-398
-370
-388
-387
-373
-393
-405
-401
-386
-401
-371
-377
-388
-384
-347
-335
-377
-354
-339
-341
-342
-367
-333
-337
-335
-314
-291
-301
-349
-319
-327
-309
-294
-292
-328
-303
-302
-314
-286
-291
-280
-294
-245
-249
-285
-269
-228
-249
-273
-268
-230
-224
-242
-242
-251
-215
-241
-234
-222
-229
-204
-200
-196
-175
-211
-221
-191
-192
-150
-152
-187
-170
-164
-182
-188
-225
-209
-167
-192
-195
-201
-214
-170
-169
-200
-179
-186
-209
-193
-159
-130
-141
-150
-159
-156
-153
-160
-142
-163
-161
-164
-172
-163
-136
-87
-104
-161
-113
-108
-116
-102
-140
-127
-156
-107
-99
-144
-171
-144
-140
-174
-164
-152
-98
-124
-137
-151
-160
-145
-181
-178
-169
-164
-184
-180
-175
-204
-185
-203
-187
-146
-186
-177
-155
-179
-178
-213
-203
-188
-201
-168
-141
-162
-182
-188
-152
-149
-176
-131
-139
-154
-152
-147
-161
-159
-163
-162
-155
-157
-161
-164
-178
-176
-151
-190
-189
-159
-132
-161
-164
-146
-193
-183
-140
-144
-163
-183
-159
-149
-166
-179
-215
-200
-192
-170
-173
-200
-183
-212
-265
-248
-227
-235
-228
-231
-217
-220
-262
-259
-287
-256
-243
-256
-265
-319
-295
-299
-287
-307
-309
-284
-289
-264
-286
-311
-308
-306
-299
-307
-276
-247
-252
-280
-274
-224
-242
-259
-262
-245
-256
-219
-231
-269
-271
-302
-271
-262
-256
-261
-253
-285
-263
-218
-244
-230
-241
-292
-277
-243
-231
-265
-284
-273
-284
-271
-314
-272
-285
-289
-277
-309
-281
-272
-271
-250
-243
-284
-265
-272
-254
-253
-253
-239
-226
-207
-236
-258
-239
-228
-239
-232
-239
-221
-253
-235
-215
-246
-237
-263
-253
-221
-215
-166
-183
-231
-211
-224
-213
-211
-198
-204
-200
-182
-187
-204
-221
-211
-208
-184
-198
-148
-169
-210
-177
-167
-200
-188
-198
-227
-172
-199
-210
-172
-144
-191
-185
-194
-213
-146
-130
-189
-206
-220
-200
-151
-193
-171
-183
-161
-143
-185
-182
-220
-245
-220
-231
-200
-175
-208
-200
-221
-221
-221
-270
-259
-258
-264
-244
-264
-277
-281
-283
-308
-294
-277
-304
-312
-294
-293
-317
-302
-273
-295
-317
-285
-301
-350
-365
-368
-368
-339
-390
-383
-366
-421
-392
-402
-367
-388
-428
-437
-455
-425
-442
-451
-442
-448
-480
-482
-472
-439
-435
-463
-437
-460
-484
-507
-516
-492
-481
-476
-497
-523
-544
-536
-546
-557
-546
-549
-526
-539
-549
-540
-580
-564
-582
-612
-597
-590
-575
-609
-603
-623
-634
-604
-612
-613
-607
-608
-643
-656
-619
-643
-672
-691
-703
-663
-675
-696
-683
-707
-715
-678
-696
-678
-673
-698
-698
-697
-661
-664
-678
-677
-674
-654
-675
-696
-682
-708
-706
-677
-698
-672
-645
-674
-679
-693
-716
-710
-714
-728
-723
-718
-718
-703
-701
-708
-687
-711
-686
-662
-679
-691
-688
-669
-694
-672
-696
-727
-689
-675
-684
-698
-692
-706
-707
-706
-724
-665
-642
-664
-646
-648
-658
-672
-693
-668
-695
-700
-654
-684
-672
-662
-663
-661
-662
-636
-620
-640
-650
-632
-639
-629
-651
-657
-625
-627
-619
-615
-600
-620
-651
-641
-636
-602
-608
-637
-622
-613
-584
-627
-647
-600
-604
-596
-607
-594
-611
-639
-616
-586
-573
-567
-561
-568
-542
-518
-541
-566
-537
-512
-530
-516
-519
-547
-546
-531
-529
-543
-526
-514
-493
-499
-499
-503
-504
-496
-530
-518
-505
-485
-485
-487
-509
-532
-505
-521
-499
-480
-488
-471
-488
-491
-489
-493
-506
-539
-501
-473
-475
-516
-509
-527
-557
-512
-538
-495
-523
-540
-517
-541
-528
-527
-527
-545
-532
-536
-518
-526
-515
-513
-543
-527
-539
-500
-502
-535
-535
-523
-480
-479
-528
-562
-555
-524
-525
-556
-564
-556
-551
-562
-559
-552
-566
-584
-557
-553
-587
-576
-581
-571
-524
-540
-562
-544
-565
-567
-566
-594
-572
-557
-540
-579
-570
-576
-586
-563
-559
-554
-586
-530
-567
-587
-579
-605
-592
-597
-574
-560
-577
-620
-602
-600
-585
-591
-617
-591
-615
-582
-603
-647
-623
-636
-636
-668
-681
-623
-620
-648
-628
-609
-613
-628
-653
-673
-654
-625
-624
-633
-673
-685
-687
-676
-672
-652
-645
-680
-675
-687
-651
-635
-654
-646
-629
-614
-599
-647
-629
-624
-655
-628
-650
-617
-603
-620
-612
-615
-619
-614
-610
-597
-588
-584
-583
-603
-615
-605
-629
-588
-597
-617
-577
-590
-597
-579
-545
-532
-550
-557
-542
-513
-506
-532
-510
-523
-506
-516
-537
-497
-518
-540
-507
-524
-544
-528
-539
-531
-524
-510
-502
-480
-461
-486
-518
-504
-473
-440
-455
-468
-410
-401
-403
-413
-432
-416
-412
-367
-353
-373
-359
-384
-401
-383
-359
-383
-370
-375
-406
-401
-382
-362
-392
-392
-387
-370
-353
-402
-391
-381
-411
-386
-418
-366
-357
-377
-377
-356
-325
-353
-353
-380
-352
-314
-331
-342
-325
-337
-326
-293
-304
-294
-270
-309
-297
-308
-283
-252
-286
-263
-272
-278
-259
-238
-245
-261
-270
-275
-288
-252
-234
-266
-227
-228
-246
-275
-261
-237
-255
-244
-218
-244
-255
-215
-235
-234
-226
-207
-208
-239
-238
-231
-231
-188
-227
-285
-265
-216
-254
-267
-237
-259
-291
-290
-225
-232
-235
-249
-242
-280
-269
-271
-289
-284
-281
-278
-271
-276
-300
-312
-310
-286
-326
-256
-268
-316
-287
-300
-304
-288
-304
-301
-273
-284
-281
-314
-291
-259
-262
-292
-332
-299
-321
-340
-342
-361
-334
-329
-335
-351
-364
-336
-338
-331
-318
-323
-352
-363
-350
-330
-316
-357
-358
-358
-378
-394
-385
-387
-382
-354
-386
-410
-383
-395
-421
-414
-396
-382
-396
-420
-416
-388
-394
-386
-405
-436
-429
-407
-377
-411
-408
-407
-428
-421
-409
-397
-435
-438
-431
-421
-410
-379
-405
-459
-422
-386
-388
-401
-395
-445
-450
-437
-445
-380
-398
-426
-412
-394
-385
-430
-409
-373
-411
-376
-345
-418
-414
-422
-461
-446
-409
-409
-422
-408
-380
-364
-393
-393
-389
-381
-405
-382
-337
-397
-402
-387
-397
-377
-359
-351
-370
-378
-341
-359
-391
-380
-361
-375
-405
-378
-375
-384
-391
-400
-410
-395
-377
-380
-388
-412
-384
-354
-370
-366
-366
-392
-380
-309
-326
-336
-352
-352
-318
-352
-330
-317
-292
-322
-336
-316
-304
-289
-309
-322
-331
-286
-272
-300
-267
-277
-313
-277
-267
-258
-264
-292
-269
-272
-276
-243
-267
-265
-252
-266
-258
-258
-250
-263
-243
-220
-231
-198
-207
-212
-226
-255
-243
-256
-251
-258
-247
-230
-254
-255
-254
-254
-248
-230
-219
-240
-256
-286
-283
-276
-281
-295
-302
-289
-305
-298
-303
-315
-314
-337
-348
-352
-331
-302
-293
-327
-347
-337
-310
-306
-355
-310
-304
-301
-313
-331
-316
-348
-351
-366
-334
-344
-340
-339
-342
-293
-337
-327
-313
-355
-351
-334
-335
-358
-393
-401
-409
-394
-351
-358
-385
-378
-354
-384
-349
-341
-396
-392
-363
-344
-344
-374
-359
-366
-424
-424
-396
-379
-365
-386
-421
-428
-430
-443
-463
-453
-468
-477
-466
-454
-481
-481
-486
-465
-461
-459
-432
-475
-466
-474
-464
-481
-487
-448
-441
-442
-466
-475
-465
-438
-466
-481
-464
-491
-483
-471
-451
-473
-540
-504
-515
-511
-512
-551
-524
-517
-515
-529
-543
-581
-539
-520
-549
-560
-556
-557
-567
-569
-581
-548
-590
-581
-557
-584
-567
-585
-611
-651
-611
-571
-608
-658
-659
-626
-640
-638
-639
-636
-633
-653
-651
-640
-656
-640
-655
-676
-677
-641
-645
-699
-651
-643
-663
-652
-664
-680
-678
-658
-654
-659
-655
-720
-689
-669
-686
-627
-667
-675
-674
-675
-672
-661
-649
-645
-661
-638
-641
-669
-656
-671
-701
-709
-672
-689
-681
-672
-647
-631
-646
-646
-632
-644
-649
-623
-623
-631
-636
-625
-625
-603
-600
-589
-574
-585
-566
-560
-589
-592
-605
-592
-583
-591
-569
-601
-594
-586
-631
-615
-619
-588
-582
-611
-570
-565
-580
-571
-563
-565
-571
-578
-558
-589
-608
-596
-587
-580
-583
-546
-558
-584
-552
-554
-578
-545
-554
-581
-583
-570
-588
-611
-576
-582
-608
-595
-574
-576
-548
-567
-568
-563
-613
-579
-593
-621
-595
-591
-582
-605
-625
-614
-654
-642
-623
-613
-607
-644
-628
-615
-622
-644
-648
-644
-620
-580
-625
-648
-613
-643
-637
-641
-609
-609
-610
-612
-647
-632
-658
-675
-678
-638
-653
-671
-666
-662
-669
-685
-710
-683
-687
-694
-670
-705
-695
-686
-682
-666
-672
-674
-674
-680
-670
-689
-649
-670
-696
-686
-718
-648
-661
-683
-658
-679
-681
-682
-684
-703
-720
-706
-699
-720
-714
-756
-751
-755
-761
-724
-730
-742
-726
-737
-768
-765
-752
-742
-777
-756
-782
-798
-806
-777
-771
-766
-744
-716
-662
-725
-713
-717
-734
-760
-772
-770
-776
-745
-779
-809
-794
-799
-806
-793
-774
-760
-792
-810
-782
-788
-814
-833
-819
-795
-826
-827
-805
-824
-824
-827
-849
-850
-834
-812
-816
-823
-797
-791
-815
-758
-764
-768
-759
-740
-718
-744
-720
-757
-766
-776
-765
-725
-736
-764
-753
-739
-735
-752
-750
-766
-757
-722
-728
-721
-723
-718
-731
-726
-713
-682
-703
-705
-693
-716
-715
-731
-723
-710
-703
-689
-657
-672
-711
-687
-694
-684
-673
-656
-662
-674
-658
-672
-661
-678
-662
-688
-672
-643
-658
-599
-605
-637
-629
-617
-609
-587
-599
-612
-610
-606
-556
-546
-599
-589
-577
-566
-536
-561
-556
-571
-578
-543
-532
-497
-507
-579
-553
-502
-532
-508
-514
-545
-520
-478
-447
-496
-538
-510
-520
-565
-538
-504
-477
-504
-524
-487
-497
-513
-476
-508
-518
-494
-511
-513
-505
-486
-511
-531
-541
-479
-471
-493
-492
-476
-481
-491
-467
-505
-505
-479
-496
-516
-517
-532
-516
-512
-514
-482
-493
-526
-525
-530
-547
-528
-534
-567
-541
-508
-500
-527
-517
-528
-563
-555
-534
-512
-515
-531
-511
-538
-529
-513
-576
-551
-544
-546
-541
-516
-537
-580
-561
-560
-574
-562
-569
-564
-546
-557
-564
-554
-561
-554
-562
-552
-547
-569
-580
-595
-570
-573
-562
-539
-552
-608
-595
-597
-596
-619
-624
-609
-621
-615
-623
-614
-610
-648
-669
-639
-669
-644
-631
-688
-674
-652
-674
-656
-661
-666
-672
-661
-655
-685
-682
-652
-699
-708
-668
-690
-684
-695
-693
-662
-672
-693
-662
-691
-685
-648
-664
-643
-635
-668
-688
-705
-681
-659
-671
-684
-681
-657
-677
-703
-704
-671
-693
-648
-662
-685
-645
-683
-682
-693
-677
-656
-644
-657
-654
-668
-667
-646
-680
-663
-665
-643
-616
-625
-605
-632
-667
-644
-665
-622
-586
-628
-612
-615
-604
-612
-610
-593
-579
-558
-564
-584
-567
-575
-567
-564
-566
-503
-543
-549
-560
-555
-557
-578
-549
-583
-603
-573
-549
-569
-552
-548
-570
-567
-556
-533
-526
-548
-530
-538
-534
-525
-565
-555
-566
-554
-524
-532
-528
-535
-550
-569
-553
-502
-515
-553
-528
-530
-516
-531
-572
-518
-508
-485
-485
-492
-488
-511
-487
-493
-497
-474
-464
-482
-489
-490
-486
-454
-473
-481
-464
-470
-412
-443
-459
-465
-478
-473
-468
-426
-438
-498
-506
-463
-489
-454
-478
-484
-490
-491
-478
-497
-478
-499
-515
-534
-497
-491
-517
-491
-494
-481
-491
-507
-498
-511
-476
-433
-451
-481
-451
-461
-467
-465
-464
-409
-407
-399
-386
-407
-388
-424
-451
-435
-433
-414
-419
-418
-405
-412
-441
-454
-447
-397
-369
-400
-420
-395
-418
-403
-393
-456
-436
-402
-420
-410
-419
-438
-455
-443
-383
-414
-388
-401
-409
-391
-442
-445
-409
-406
-414
-402
-377
-382
-406
-395
-428
-435
-391
-334
-347
-356
-374
-377
-370
-356
-343
-336
-348
-352
-345
-353
-335
-354
-333
-343
-315
-274
-315
-325
-316
-311
-333
-360
-360
-376
-357
-346
-320
-379
-403
-370
-394
-359
-352
-363
-357
-336
-351
-365
-370
-383
-391
-390
-374
-350
-311
-353
-385
-388
-420
-401
-394
-354
-374
-430
-407
-430
-412
-399
-408
-406
-426
-408
-415
-453
-469
-450
-514
-517
-462
-472
-444
-470
-485
-492
-501
-454
-471
-467
-471
-480
-461
-503
-509
-517
-504
-503
-512
-486
-461
-498
-486
-463
-454
-425
-443
-462
-497
-455
-472
-516
-518
-522
-515
-509
-499
-480
-416
-442
-439
-420
-480
-445
-464
-468
-423
-410
-421
-447
-410
-409
-424
-421
-353
-321
-371
-381
-397
-349
-342
-373
-369
-384
-346
-317
-323
-362
-337
-345
-342
-318
-337
-282
-280
-308
-313
-302
-276
-261
-276
-304
-285
-272
-267
-265
-288
-290
-319
-294
-266
-243
-227
-280
-273
-266
-249
-251
-246
-242
-256
-219
-231
-219
-230
-223
-239
-246
-252
-246
-244
-284
-236
-246
-244
-225
-203
-244
-270
-214
-209
-263
-260
-250
-276
-281
-228
-180
-214
-229
-235
-226
-242
-256
-238
-216
-239
-235
-215
-249
-254
-257
-247
-236
-240
-218
-231
-267
-251
-258
-258
-231
-243
-258
-239
-221
-215
-262
-274
-261
-270
-262
-275
-226
-236
-275
-256
-257
-270
-266
-299
-264
-257
-282
-264
-326
-309
-302
-324
-328
-337
-307
-290
-331
-310
-327
-355
-349
-331
-311
-345
-326
-335
-331
-359
-360
-345
-357
-354
-314
-288
-308
-324
-341
-343
-358
-319
-319
-337
-345
-347
-362
-369
-374
-374
-372
-372
-361
-398
-393
-377
-371
-386
-386
-388
-385
-381
-366
-365
-382
-360
-359
-326
-330
-331
-334
-346
-330
-341
-321
-330
-328
-343
-356
-372
-373
-377
-396
-344
-403
-419
-410
-415
-363
-374
-391
-390
-393
-387
-375
-397
-401
-370
-347
-351
-375
-338
-331
-355
-374
-393
-352
-339
-361
-361
-369
-384
-375
-390
-377
-368
-366
-320
-335
-358
-360
-381
-407
-397
-351
-369
-375
-355
-337
-317
-334
-333
-327
-327
-299
-320
-343
-325
-339
-316
-328
-328
-283
-285
-281
-296
-275
-248
-235
-234
-236
-222
-218
-223
-248
-242
-260
-248
-222
-231
-204
-202
-237
-211
-214
-234
-219
-216
-217
-202
-216
-211
-192
-209
-219
-232
-235
-226
-174
-178
-187
-203
-181
-183
-182
-188
-200
-183
-203
-180
-192
-172
-167
-183
-191
-178
-138
-128
-161
-148
-146
-167
-139
-147
-155
-161
-128
-122
-142
-133
-117
-131
-132
-96
-99
-105
-136
-108
-109
-131
-129
-130
-128
-146
-107
-130
-170
-175
-137
-107
-139
-120
-129
-132
-145
-163
-159
-172
-151
-185
-163
-152
-154
-163
-158
-160
-191
-199
-213
-186
-209
-199
-227
-234
-208
-251
-218
-210
-264
-252
-241
-226
-239
-229
-249
-281
-270
-290
-250
-260
-276
-267
-253
-259
-291
-281
-304
-298
-281
-269
-266
-264
-272
-300
-276
-290
-253
-249
-297
-293
-307
-308
-285
-312
-328
-301
-297
-295
-339
-350
-366
-375
-367
-380
-365
-329
-350
-360
-358
-362
-343
-391
-388
-377
-366
-392
-426
-423
-428
-414
-404
-426
-413
-382
-431
-392
-401
-438
-392
-408
-420
-414
-377
-366
-420
-425
-445
-425
-424
-426
-365
-378
-389
-422
-429
-409
-437
-425
-383
-408
-412
-406
-410
-408
-428
-428
-454
-419
-391
-415
-437
-409
-406
-406
-400
-427
-417
-422
-406
-402
-418
-449
-419
-417
-426
-442
-440
-406
-452
-457
-432
-435
-427
-431
-444
-409
-419
-371
-386
-378
-355
-387
-378
-397
-359
-374
-348
-327
-333
-335
-362
-334
-334
-341
-333
-315
-327
-339
-321
-316
-323
-323
-307
-284
-303
-305
-303
-302
-276
-286
-274
-279
-249
-235
-264
-285
-289
-284
-283
-278
-274
-272
-302
-293
-276
-282
-294
-296
-240
-226
-208
-210
-243
-235
-200
-210
-233
-218
-207
-198
-231
-218
-227
-226
-195
-216
-227
-218
-219
-193
-202
-200
-183
-216
-214
-204
-172
-167
-213
-193
-151
-154
-207
-202
-181
-205
-180
-168
-170
-183
-161
-180
-198
-187
-163
-154
-174
-172
-171
-167
-188
-194
-215
-187
-142
-169
-213
-210
-197
-203
-205
-186
-161
-144
-193
-208
-190
-189
-155
-171
-162
-207
-165
-125
-201
-189
-184
-191
-185
-140
-107
-149
-164
-150
-165
-181
-186
-200
-211
-218
-180
-190
-200
-177
-214
-229
-223
-191
-189
-163
-176
-193
-183
-211
-197
-200
-200
-201
-209
-212
-210
-159
-191
-216
-221
-219
-195
-199
-200
-210
-196
-212
-207
-223
-202
-230
-215
-178
-208
-216
-224
-240
-234
-225
-203
-185
-218
-190
-230
-245
-250
-250
-266
-246
-231
-293
-261
-242
-250
-249
-263
-266
-229
-227
-266
-259
-266
-259
-254
-258
-277
-285
-252
-276
-280
-264
-276
-288
-279
-253
-217
-219
-263
-267
-242
-228
-205
-237
-246
-235
-230
-257
-236
-219
-234
-245
-278
-208
-161
-195
-229
-193
-172
-190
-185
-197
-208
-198
-171
-135
-190
-182
-168
-166
-159
-161
-146
-147
-141
-136
-164
-141
-133
-150
-112
-108
-100
-119
-111
-115
-88
-92
-114
-83
-48
-95
-94
-82
-73
-56
-70
-76
-100
-82
-86
-91
-105
-105
-105
-101
-86
-62
-64
-58
-65
-47
-23
-45
-55
-50
-57
-34
23
36
4
-22
22
-43
-30
-8
-8
30
-6
24
18
20
45
59
48
59
125
111
87
97
83
96
73
75
121
127
103
126
155
139
143
133
175
169
176
191
174
206
150
147
147
173
192
172
184
174
195
197
199
202
236
218
206
234
231
233
221
212
214
170
199
193
169
174
152
146
141
172
140
141
157
176
165
174
173
139
163
185
174
162
143
127
156
162
167
152
170
169
166
176
154
177
166
142
159
154
160
164
117
153
150
122
157
123
108
136
191
155
117
162
128
118
136
103
112
142
103
123
119
117
127
91
107
119
126
119
136
130
132
94
93
143
157
148
146
145
134
137
131
121
124
116
133
156
114
69
78
113
76
93
70
77
86
97
93
80
114
93
85
85
134
101
69
89
105
81
89
98
119
136
62
65
54
81
109
73
81
81
101
123
79
80
83
74
102
93
124
121
101
96
85
114
113
116
100
96
130
105
101
107
62
69
72
77
116
118
94
78
94
98
77
75
86
89
107
107
109
87
68
75
63
88
115
97
46
53
65
78
99
97
80
76
129
105
69
79
67
53
55
75
87
97
84
107
109
85
99
92
106
111
169
162
133
162
177
164
139
167
193
176
163
170
177
198
157
173
163
156
203
187
151
187
199
169
173
175
231
242
195
228
225
231
235
195
250
231
217
235
232
216
180
196
237
220
250
300
243
234
214
192
214
245
245
249
270
237
230
234
293
278
272
260
290
309
294
292
281
285
269
316
276
265
260
297
272
301
290
224
244
286
324
292
253
263
315
271
275
275
273
256
284
307
282
224
257
258
242
260
300
307
255
285
270
305
243
262
269
246
285
279
249
281
261
228
263
267
296
242
253
241
205
207
218
195
186
228
241
223
247
238
210
214
170
187
228
220
194
170
183
234
233
172
158
186
205
190
115
121
132
134
135
133
160
139
148
138
112
91
94
100
123
144
90
75
86
84
58
43
59
72
82
94
93
94
103
73
83
85
81
61
60
114
100
104
81
77
88
77
123
141
102
109
130
132
113
92
111
107
113
104
110
110
87
105
124
87
109
143
82
113
128
109
134
129
110
101
113
102
84
99
113
123
119
110
149
122
113
119
120
136
137
124
81
89
115
111
81
86
95
92
87
67
120
139
70
106
98
89
109
75
75
87
97
95
52
45
50
53
18
51
76
70
69
43
70
55
94
38
66
83
59
83
23
31
39
18
18
41
63
60
41
51
55
42
64
91
105
73
88
96
81
101
83
106
102
100
111
89
81
89
87
131
97
94
98
72
139
112
78
90
74
84
96
64
108
103
74
98
41
87
89
79
97
71
70
38
73
35
10
47
39
9
51
72
16
38
50
22
12
5
24
3
-12
36
42
12
9
2
-13
-6
2
37
-16
-31
-15
-26
-32
-34
-39
-63
-47
-36
-73
-88
-64
-48
-28
-46
-10
-32
-52
-60
-91
-37
-37
-59
-63
-56
-54
-81
-90
-91
-124
-143
-120
-120
-124
-107
-125
-149
-162
-162
-166
-176
-182
-163
-177
-184
-200
-208
-204
-216
-224
-219
-196
-234
-221
-259
-230
-227
-246
-249
-275
-266
-270
-276
-282
-293
-325
-315
-331
-276
-272
-310
-340
-344
-355
-341
-308
-323
-314
-343
-323
-329
-357
-330
-344
-365
-403
-416
-374
-359
-386
-397
-416
-420
-382
-435
-429
-409
-418
-426
-434
-439
-447
-443
-463
-444
-442
-445
-479
-478
-435
-458
-474
-494
-502
-469
-502
-465
-451
-519
-528
-532
-513
-541
-487
-481
-502
-516
-490
-455
-468
-448
-497
-520
-487
-487
-541
-528
-528
-540
-535
-540
-504
-481
-505
-440
-439
-471
-473
-498
-481
-469
-475
-482
-456
-464
-484
-482
-446
-431
-419
-426
-463
-456
-475
-501
-470
-439
-450
-487
-479
-481
-513
-505
-477
-472
-504
-477
-446
-475
-487
-475
-468
-439
-447
-472
-464
-474
-422
-415
-404
-403
-448
-439
-440
-437
-386
-399
-445
-415
-398
-407
-424
-379
-367
-392
-374
-362
-387
-381
-362
-361
-355
-353
-348
-341
-333
-286
-312
-341
-350
-379
-311
-295
-302
-286
-305
-305
-258
-283
-270
-252
-242
-254
-264
-238
-254
-255
-229
-210
-227
-221
-213
-188
-221
-221
-233
-276
-275
-245
-223
-226
-202
-214
-226
-210
-201
-225
-175
-212
-211
-189
-242
-206
-241
-226
-232
-250
-231
-232
-237
-229
-211
-262
-244
-249
-238
-230
-223
-221
-285
-271
-274
-301
-294
-302
-269
-223
-270
-244
-228
-246
-284
-307
-304
-287
-262
-287
-302
-305
-309
-323
-317
-317
-289
-279
-298
-330
-310
-350
-357
-338
-334
-337
-319
-311
-357
-336
-362
-362
-355
-356
-331
-306
-322
-327
-341
-350
-347
-388
-385
-377
-357
-345
-374
-368
-379
-408
-405
-399
-358
-356
-382
-359
-377
-356
-349
-380
-367
-352
-355
-357
-368
-408
-399
-393
-399
-385
-371
-392
-394
-388
-368
-394
-399
-380
-375
-337
-355
-339
-347
-346
-374
-372
-369
-381
-322
-331
-334
-336
-364
-354
-329
-340
-335
-338
-372
-349
-353
-343
-319
-368
-368
-354
-309
-307
-330
-339
-320
-312
-326
-350
-374
-338
-333
-312
-364
-367
-340
-367
-330
-335
-355
-327
-357
-346
-342
-319
-335
-387
-370
-371
-309
-314
-353
-354
-341
-377
-335
-328
-328
-325
-313
-281
-325
-268
-296
-314
-293
-309
-279
-292
-304
-285
-286
-296
-298
-281
-285
-241
-256
-276
-246
-255
-277
-290
-286
-273
-261
-251
-244
-266
-273
-291
-292
-269
-225
-222
-264
-271
-227
-231
-231
-243
-259
-261
-228
-199
-238
-240
-252
-227
-205
-188
-161
-172
-168
-177
-181
-159
-133
-156
-175
-129
-140
-142
-161
-151
-149
-177
-161
-174
-169
-145
-164
-164
-167
-180
-161
-194
-184
-174
-166
-153
-169
-133
-160
-173
-154
-153
-133
-158
-173
-166
-148
-150
-167
-216
-161
-106
-116
-138
-125
-124
-172
-153
-194
-178
-158
-122
-150
-147
-149
-158
-127
-162
-138
-174
-136
-120
-133
-154
-173
-167
-189
-147
-135
-110
-148
-179
-169
-171
-142
-196
-199
-182
-184
-201
-233
-211
-202
-187
-208
-211
-190
-196
-201
-204
-208
-191
-206
-193
-189
-193
-199
-218
-219
-203
-215
-231
-185
-245
-230
-219
-219
-217
-237
-225
-244
-280
-283
-279
-295
-276
-302
-314
-301
-318
-330
-328
-330
-322
-352
-326
-325
-351
-372
-370
-376
-377
-360
-389
-395
-406
-403
-424
-397
-393
-382
-374
-393
-406
-433
-419
-417
-428
-451
-444
-418
-431
-462
-473
-458
-471
-480
-486
-459
-475
-517
-483
-502
-493
-501
-511
-529
-540
-494
-516
-535
-489
-509
-525
-537
-534
-473
-502
-529
-534
-555
-577
-540
-537
-547
-544
-523
-519
-557
-542
-546
-570
-580
-566
-532
-546
-563
-513
-551
-578
-537
-564
-550
-509
-494
-509
-527
-503
-479
-473
-541
-517
-468
-499
-502
-492
-499
-505
-491
-462
-482
-501
-456
-449
-471
-478
-475
-501
-506
-522
-491
-499
-499
-464
-476
-471
-462
-444
-456
-440
-466
-458
-429
-439
-441
-423
-429
-477
-421
-404
-438
-392
-404
-416
-395
-422
-405
-387
-343
-334
-346
-333
-355
-353
-367
-335
-296
-294
-320
-309
-285
-290
-283
-282
-285
-293
-289
-287
-285
-299
-318
-329
-322
-297
-258
-264
-297
-290
-277
-280
-272
-284
-268
-275
-286
-271
-280
-293
-303
-311
-300
-281
-238
-233
-290
-293
-295
-297
-344
-305
-309
-311
-280
-320
-340
-312
-258
-329
-332
-317
-299
-309
-325
-304
-291
-267
-319
-323
-332
-328
-298
-306
-334
-341
-320
-349
-353
-345
-309
-310
-329
-323
-350
-355
-347
-342
-391
-360
-281
-316
-366
-346
-349
-348
-354
-359
-330
-332
-373
-370
-359
-364
-371
-409
-372
-378
-380
-403
-403
-420
-431
-415
-405
-367
-376
-398
-415
-409
-418
-382
-389
-434
-430
-423
-427
-416
-458
-456
-429
-433
-440
-432
-408
-417
-452
-452
-431
-451
-449
-470
-487
-495
-488
-496
-492
-475
-480
-501
-507
-484
-485
-519
-510
-494
-531
-523
-496
-510
-531
-528
-520
-507
-528
-542
-564
-560
-559
-572
-533
-529
-531
-552
-558
-547
-573
-584
-580
-585
-579
-519
-568
-606
-569
-584
-597
-586
-547
-573
-575
-590
-573
-568
-577
-579
-592
-565
-560
-571
-604
-573
-552
-535
-563
-575
-539
-538
-563
-567
-546
-544
-540
-550
-529
-539
-558
-521
-540
-529
-532
-564
-525
-513
-476
-466
-504
-524
-543
-539
-528
-520
-530
-563
-548
-522
-523
-523
-516
-526
-517
-514
-490
-484
-523
-499
-502
-509
-512
-502
-482
-477
-458
-455
-473
-489
-484
-484
-496
-486
-450
-457
-491
-459
-442
-458
-466
-467
-454
-475
-451
-439
-480
-465
-443
-449
-461
-448
-452
-446
-416
-439
-433
-428
-423
-398
-426
-448
-424
-419
-438
-429
-436
-454
-440
-415
-413
-408
-436
-415
-386
-421
-410
-432
-436
-456
-427
-393
-431
-426
-424
-419
-412
-408
-412
-410
-391
-381
-400
-428
-419
-411
-425
-418
-408
-405
-428
-431
-439
-445
-463
-469
-414
-407
-433
-429
-450
-436
-428
-459
-441
-450
-443
-449
-426
-430
-463
-483
-468
-462
-486
-469
-496
-474
-448
-477
-497
-519
-512
-476
-463
-492
-502
-504
-499
-480
-497
-502
-488
-511
-535
-516
-537
-527
-517
-533
-518
-537
-559
-571
-522
-525
-539
-529
-556
-544
-521
-502
-555
-531
-526
-559
-526
-547
-532
-544
-535
-538
-569
-543
-538
-569
-580
-565
-575
-579
-610
-596
-576
-602
-597
-604
-608
-598
-576
-615
-627
-611
-622
-613
-609
-629
-607
-617
-662
-636
-634
-627
-659
-651
-669
-682
-645
-649
-684
-696
-684
-721
-684
-660
-649
-640
-675
-689
-681
-664
-660
-669
-665
-667
-640
-645
-664
-643
-639
-638
-631
-624
-604
-621
-631
-619
-654
-645
-642
-620
-654
-643
-640
-636
-627
-641
-643
-674
-668
-677
-630
-639
-643
-642
-637
-634
-626
-624
-625
-633
-601
-593
-621
-619
-633
-647
-641
-604
-613
-581
-591
-619
-595
-623
-644
-625
-628
-589
-564
-604
-645
-617
-613
-583
-575
-592
-562
-561
-570
-549
-524
-548
-537
-540
-535
-520
-514
-511
-526
-500
-497
-525
-532
-552
-510
-474
-487
-500
-494
-469
-467
-453
-456
-476
-440
-424
-422
-425
-440
-435
-449
-442
-404
-384
-438
-444
-390
-393
-410
-428
-440
-420
-423
-414
-400
-404
-415
-409
-380
-385
-372
-366
-415
-399
-376
-379
-389
-410
-388
-376
-354
-384
-415
-356
-396
-409
-370
-358
-331
-353
-365
-355
-344
-328
-297
-337
-334
-323
-309
-332
-363
-328
-361
-363
-357
-342
-307
-322
-345
-344
-345
-338
-349
-353
-375
-382
-365
-368
-349
-324
-372
-382
-381
-397
-349
-325
-341
-348
-358
-390
-388
-369
-371
-380
-366
-378
-394
-408
-402
-417
-419
-419
-390
-395
-439
-409
-432
-397
-396
-434
-404
-409
-437
-428
-430
-439
-440
-476
-491
-459
-440
-420
-430
-471
-464
-460
-446
-477
-499
-499
-519
-470
-496
-517
-499
-538
-537
-513
-493
-524
-553
-522
-509
-535
-509
-517
-511
-498
-502
-520
-534
-503
-528
-523
-529
-534
-521
-506
-528
-536
-533
-538
-525
-562
-552
-544
-528
-511
-540
-533
-551
-567
-577
-578
-519
-525
-563
-563
-569
-570
-591
-591
-577
-580
-558
-543
-591
-592
-569
-610
-606
-605
-586
-577
-639
-621
-601
-617
-602
-597
-624
-626
-584
-589
-584
-616
-613
-606
-626
-596
-582
-578
-575
-568
-563
-575
-575
-563
-545
-541
-541
-521
-552
-548
-560
-551
-527
-518
-471
-480
-498
-497
-476
-438
-427
-424
-435
-432
-421
-436
-441
-408
-415
-432
-394
-395
-374
-368
-389
-385
-329
-364
-392
-368
-373
-335
-332
-332
-336
-350
-342
-346
-356
-339
-311
-290
-321
-311
-303
-298
-305
-324
-299
-302
-294
-312
-322
-285
-304
-309
-309
-304
-247
-241
-256
-266
-284
-251
-225
-242
-264
-306
-252
-233
-276
-267
-259
-285
-323
-288
-261
-250
-259
-249
-237
-275
-281
-261
-254
-292
-271
-269
-280
-268
-278
-302
-350
-307
-308
-325
-342
-367
-363
-361
-352
-380
-394
-404
-376
-384
-381
-347
-378
-371
-381
-412
-375
-361
-373
-387
-402
-388
-402
-410
-407
-392
-378
-387
-385
-371
-402
-384
-377
-403
-364
-359
-384
-366
-358
-365
-368
-360
-367
-381
-356
-357
-344
-359
-338
-386
-366
-353
-353
-294
-349
-336
-328
-320
-323
-372
-358
-340
-345
-321
-314
-324
-308
-320
-346
-320
-320
-296
-307
-278
-278
-292
-292
-286
-263
-282
-258
-272
-273
-287
-296
-303
-324
-314
-272
-278
-307
-299
-268
-299
-316
-316
-311
-302
-292
-289
-324
-301
-317
-325
-332
-318
-303
-333
-307
-319
-344
-332
-311
-313
-340
-349
-310
-297
-354
-332
-331
-342
-352
-349
-317
-329
-363
-375
-350
-318
-357
-391
-392
-376
-349
-370
-370
-418
-404
-430
-424
-411
-411
-386
-415
-435
-413
-426
-424
-400
-404
-398
-440
-407
-412
-417
-449
-437
-439
-446
-393
-397
-429
-396
-365
-390
-373
-406
-405
-402
-373
-348
-437
-425
-414
-454
-402
-387
-365
-381
-422
-412
-414
-434
-417
-402
-390
-382
-397
-379
-375
-375
-409
-424
-421
-414
-374
-370
-393
-369
-359
-374
-330
-350
-357
-335
-350
-330
-359
-389
-373
-354
-372
-361
-340
-367
-392
-354
-337
-358
-351
-357
-369
-365
-325
-331
-337
-337
-362
-368
-376
-353
-300
-308
-337
-332
-318
-331
-333
-333
-320
-321
-314
-332
-357
-341
-325
-301
-324
-326
-293
-284
-322
-295
-299
-326
-308
-335
-357
-353
-318
-298
-321
-301
-338
-364
-363
-347
-205
