frequency
17
42
43
69
15
5
22
18
4
-4
-33
-19
33
14
15
-17
19
-20
-81
-63
-49
-96
-95
-17
-23
-18
9
1
-76
-53
-22
-9
5
-4
5
10
25
-8
-33
-40
-47
-1
-50
-28
12
12
30
-41
24
57
91
10
-51
-33
-33
20
2
-30
-14
-20
-48
-20
-32
-81
-93
-55
-81
-96
-114
-85
-65
-74
-51
-61
-51
-27
-57
-71
-81
-83
-44
-78
-117
-86
-21
-80
-72
-15
-74
-98
-132
-97
-93
-84
-78
-109
-85
-112
-88
-115
-103
-50
-50
-58
-13
-15
-57
-39
-61
-60
-40
-36
-3
9
-14
-28
-80
-61
-38
10
-22
-60
-5
-27
-3
-8
-14
-34
-20
-4
-29
-10
-10
13
19
64
7
-10
-5
-57
-25
-40
-30
-3
-15
-11
11
-4
21
19
-2
13
35
28
12
7
31
43
61
72
45
69
65
101
81
91
79
48
84
65
89
93
90
101
104
102
113
87
95
98
103
130
121
124
137
124
107
124
137
158
163
151
149
147
88
116
117
127
160
108
138
147
157
178
172
174
182
146
136
160
128
79
114
136
171
203
145
160
183
203
157
222
269
250
222
157
209
219
239
208
216
242
202
250
230
199
186
168
144
176
185
142
184
209
228
219
225
255
235
203
243
221
236
215
162
160
150
150
128
135
136
166
133
163
151
181
204
177
166
106
119
142
125
120
114
76
68
-7
7
25
34
52
9
28
51
21
27
59
48
68
51
71
73
59
53
50
59
34
43
70
43
3
40
-34
1
33
-1
23
8
11
5
37
32
41
8
21
71
7
14
20
-37
-44
-48
-14
18
38
26
-6
30
34
-13
-4
-9
-1
25
-58
-53
-62
-54
-62
-3
25
6
9
-33
-10
-31
-28
-27
-13
14
64
47
56
48
24
16
36
21
18
24
15
39
21
28
-33
-25
0
-27
-34
-2
-29
-28
2
-1
24
36
-18
-25
-71
-90
-68
-61
-62
-73
-55
-75
-77
-85
-51
-82
-92
-53
-65
-96
-161
-156
-143
-143
-111
-131
-154
-176
-171
-109
-108
-128
-73
-90
-139
-139
-112
-148
-162
-113
-119
-117
-184
-188
-186
-173
-109
-93
-112
-130
-151
-188
-155
-132
-115
-118
-177
-140
-94
-107
-84
-133
-102
-95
-106
-64
-72
-44
-16
15
-7
18
89
21
7
15
-14
33
36
1
21
64
5
73
49
16
68
37
38
82
121
110
107
92
113
131
149
138
153
97
96
100
143
139
97
134
112
163
170
171
187
229
188
193
160
135
142
120
157
144
112
156
145
93
144
143
141
152
133
122
159
119
127
93
60
87
54
114
147
129
141
116
132
180
140
137
139
134
129
143
167
166
161
146
137
136
141
127
181
202
164
203
247
242
199
228
231
187
183
207
204
187
235
235
247
269
236
231
249
242
225
221
269
244
205
227
212
241
265
249
254
238
213
235
241
272
255
222
220
227
226
205
220
211
246
234
220
199
156
147
120
142
113
125
125
115
164
131
178
160
160
170
122
155
141
144
144
132
138
144
133
146
138
159
126
136
125
107
114
46
60
23
-5
38
45
45
82
40
45
60
31
56
38
-18
-46
-14
21
27
22
-6
56
44
77
90
22
19
33
55
50
69
16
-6
-43
-13
0
-19
-13
22
41
43
67
31
34
49
0
18
-21
-35
-42
-71
-43
-32
-48
-85
-49
-95
-27
-58
-69
-68
-94
-47
-74
-93
-94
-80
-77
-20
-38
-37
-52
-57
-41
-34
-6
-31
-70
-65
-90
-85
-65
-98
-68
-71
-78
-92
-82
-76
-96
-102
-122
-99
-126
-157
-164
-194
-185
-201
-160
-97
-133
-136
-173
-186
-133
-128
-145
-156
-160
-152
-148
-154
-164
-143
-130
-172
-164
-164
-171
-168
-186
-157
-138
-182
-173
-140
-105
-124
-169
-126
-122
-118
-121
-113
-113
-114
-86
-104
-111
-92
-85
-102
-122
-138
-109
-138
-142
-100
-100
-50
-35
-26
-22
-19
-19
-44
9
13
-12
-28
-4
27
6
14
34
55
29
55
37
49
86
70
47
73
85
84
158
92
67
104
95
80
91
86
117
127
112
103
106
132
106
100
97
88
141
108
52
98
117
135
123
87
40
104
64
57
117
65
68
110
154
79
123
114
38
128
110
95
152
124
97
67
80
75
49
75
70
75
70
87
78
58
46
44
55
47
77
98
96
95
114
118
146
119
111
109
121
170
172
206
237
233
225
205
133
179
156
174
169
165
173
148
234
206
181
152
172
190
200
176
181
174
145
171
202
199
202
240
253
209
243
237
211
240
168
210
173
145
154
128
134
159
153
150
109
81
90
57
85
70
57
55
94
50
27
41
53
79
46
62
15
41
44
-33
-34
5
37
30
25
38
44
-3
-2
-15
-34
7
-21
-31
-17
-35
-4
-23
-50
-36
-53
-71
-47
-75
-66
-66
-70
-59
-56
-33
-87
-50
-50
-93
-76
-81
-85
-65
-90
-124
-114
-84
-79
-116
-94
-87
-92
-67
-120
-101
-100
-145
-85
-82
-101
-122
-104
-106
-122
-95
-92
-77
-98
-117
-102
-70
-49
-25
-14
-53
-87
-92
-109
-90
-77
-78
-39
-98
-144
-78
-24
-97
-32
33
-41
-64
-36
-83
-97
-36
-113
-63
-100
-118
-78
-104
-101
-118
-124
-91
-131
-194
-130
-87
-118
-132
-79
-143
-118
-125
-183
-195
-115
-150
-211
-162
-208
-192
-196
-211
-297
-260
-180
-217
-177
-145
-193
-175
-181
-213
-208
-194
-222
-208
-149
-208
-178
-159
-190
-176
-151
-147
-144
-88
-109
-119
-102
-120
-145
-124
-133
-135
-14
4
-28
-18
-47
-64
-70
-93
-99
-64
-83
-113
-87
-159
-146
-122
-138
-110
-110
-82
-98
-70
-44
-76
-64
-92
-99
-38
-22
-35
37
-2
-19
44
13
38
31
35
4
-8
-16
9
12
17
83
96
76
111
104
81
75
56
104
61
79
94
81
77
78
73
100
90
59
60
84
69
23
78
22
22
53
60
66
67
87
84
111
122
102
98
94
101
73
53
67
54
73
117
92
88
145
103
75
157
155
107
167
183
168
223
158
156
205
161
207
190
171
117
189
226
191
202
180
194
186
189
183
208
194
216
184
176
154
135
106
87
119
106
134
191
172
179
214
162
173
204
185
205
231
158
161
214
190
147
169
136
127
115
119
133
146
79
79
126
72
71
61
65
69
103
66
95
79
67
60
70
85
93
86
68
66
76
52
34
76
40
108
91
103
85
80
69
74
79
80
68
40
63
34
42
16
11
-22
-34
-61
-39
-17
-23
-13
-9
-12
-21
9
41
5
-17
-6
8
2
-18
-24
-51
-60
-51
-63
-76
-37
-46
-46
-42
-56
-84
-71
-70
-53
-57
-46
-81
-127
-92
-101
-53
-74
-79
-85
-97
-87
-66
-29
-24
-40
-26
-45
-36
-36
-39
-3
-23
-31
-35
-55
-90
-62
-99
-104
-104
-137
-197
-123
-117
-142
-95
-143
-182
-167
-118
-163
-120
-174
-228
-210
-196
-221
-203
-212
-229
-181
-168
-158
-163
-161
-185
-157
-160
-179
-192
-191
-214
-211
-221
-254
-220
-203
-213
-222
-206
-200
-192
-209
-161
-125
-133
-113
-108
-126
-152
-106
-97
-135
-128
-86
-80
-72
-55
-30
-33
-22
-29
-43
-44
-53
-14
-24
-32
-40
-9
11
20
43
1
10
0
-28
-34
-79
-27
-1
21
25
-1
-32
2
-31
-25
-19
-10
62
6
29
32
54
66
86
60
87
68
85
106
96
99
64
79
82
80
124
122
108
163
121
131
110
114
116
99
92
102
72
91
85
124
130
116
151
133
193
157
190
170
200
207
155
137
96
85
74
58
15
11
13
13
-4
10
37
32
21
21
47
24
45
65
47
63
39
38
59
81
99
126
125
151
114
102
130
125
165
183
178
136
157
164
194
176
157
159
157
208
209
253
232
212
203
207
202
193
209
227
229
210
170
185
207
159
159
143
175
187
184
130
101
126
147
130
116
135
121
134
156
140
113
123
122
58
49
72
60
77
29
23
37
50
52
59
26
19
35
-9
2
-25
-35
-28
-38
-29
13
26
28
67
49
73
65
38
46
48
44
30
44
74
63
87
82
60
42
10
56
8
51
50
23
16
18
4
-51
-41
-37
-46
-76
-47
-31
-10
-9
-50
-9
-13
-19
-11
-42
-32
-54
-45
-68
-48
-83
-66
-90
-91
-54
-107
-31
-27
-59
-55
-46
-57
-87
-60
21
-8
-56
-15
-20
-3
-33
-56
-40
-84
-91
-75
-45
-71
-64
-64
-96
-111
-52
-44
-28
20
-31
-60
-80
-71
-123
-136
-121
-124
-88
-126
-148
-122
-147
-164
-157
-158
-175
-143
-205
-187
-160
-181
-161
-179
-179
-178
-166
-192
-164
-166
-212
-224
-202
-185
-161
-191
-193
-158
-142
-159
-117
-93
-162
-170
-180
-147
-137
-146
-89
-86
-122
-145
-128
-109
-122
-108
-101
-98
-102
-78
-94
-97
-96
-104
-46
-48
-86
-112
-93
-123
-85
-77
-64
-41
-65
-24
-46
-23
-73
-67
-61
-16
6
-21
-3
-19
-33
-13
-33
-47
-28
-23
18
21
63
47
43
-2
34
35
34
58
40
71
63
65
42
55
80
66
27
68
35
20
46
34
21
53
41
53
81
38
70
78
107
89
104
141
118
126
173
187
166
137
162
173
148
147
147
172
155
173
183
180
202
148
114
154
165
163
99
102
119
138
141
122
155
170
220
178
186
178
169
177
132
143
150
125
159
168
138
143
101
151
167
159
125
155
180
148
187
191
190
209
209
192
189
172
203
188
204
236
213
147
162
232
213
168
166
159
200
192
146
170
157
171
170
166
138
149
133
111
107
149
141
107
112
51
28
49
86
50
60
104
109
85
73
72
42
43
31
29
23
29
88
114
57
59
26
27
40
29
30
11
18
7
12
-35
-43
-43
-30
-50
-63
-49
-53
-60
-58
-23
14
-9
-20
-29
-22
-12
-34
-53
-70
-29
-78
-54
-46
-60
-65
-51
-43
-28
-34
-42
1
4
-10
-37
-24
-10
-21
-20
3
-15
24
39
71
9
-25
-48
-20
14
-19
4
25
44
17
41
-10
-22
5
-71
-52
-4
-35
5
15
-7
-41
-55
-43
-37
-37
-58
-56
-74
-115
-86
-73
-85
-92
-86
-116
-133
-102
-75
-93
-106
-141
-152
-101
-135
-107
-133
-135
-129
-127
-140
-139
-164
-123
-131
-144
-107
-125
-94
-138
-126
-169
-140
-127
-161
-163
-194
-146
-117
-140
-111
-140
-161
-127
-121
-118
-103
-76
-110
-138
-131
-151
-126
-122
-139
-96
-110
-134
-156
-146
-103
-120
-109
-84
-104
-77
-108
-103
-42
-36
-40
-25
-41
-23
-2
-11
8
10
-4
-30
-1
-24
0
-3
-36
-11
-51
-72
-72
-67
-21
-34
-28
-11
-48
-25
8
-8
-11
33
23
-16
-74
-10
48
40
18
46
20
-13
24
31
39
30
94
27
70
65
50
51
31
56
31
21
7
23
50
51
14
76
29
59
61
36
16
40
74
96
92
35
63
2
32
31
59
28
48
73
74
48
20
105
56
70
63
65
82
79
106
80
74
112
116
93
120
154
106
121
151
150
159
203
185
180
176
120
128
129
147
118
160
198
193
194
185
165
167
161
147
149
173
163
128
213
213
140
171
163
165
180
201
186
137
170
149
110
100
127
110
73
62
74
33
37
89
69
100
95
67
71
51
70
95
95
98
116
89
79
53
33
73
25
70
62
44
44
9
42
30
39
27
33
76
81
80
52
43
15
15
45
52
26
27
20
-3
16
-41
-1
-16
-61
-33
-47
-46
-27
-42
-59
-46
-61
-38
-21
-66
-73
-55
-38
-26
-34
-35
-33
-28
-66
-45
-34
-8
-43
-44
-51
-83
-47
-49
0
-2
-26
-90
-56
-53
-44
-38
-41
-22
-94
-114
-90
-55
-81
-78
-55
-68
-53
-33
-43
-21
-26
-56
-45
-22
-48
-76
-76
-89
-73
-90
-88
-101
-154
-174
-184
-239
-198
-192
-203
-182
-172
-174
-194
-192
-218
-209
-232
-224
-220
-197
-232
-224
-191
-197
-235
-227
-214
-263
-224
-249
-253
-263
-255
-269
-253
-236
-224
-189
-219
-214
-194
-186
-195
-145
-177
-169
-145
-117
-90
-160
-187
-144
-144
-169
-167
-149
-121
-146
-121
-160
-130
-143
-119
-93
-103
-80
-103
-68
-111
-120
-67
-47
-34
-70
-95
-7
-62
-52
-11
-32
-27
-9
-10
-8
26
-20
-10
-19
45
49
12
64
38
50
14
28
33
23
66
36
59
29
84
106
72
79
74
102
109
59
76
64
33
68
69
63
45
70
68
99
94
98
131
94
79
126
96
110
101
94
131
97
134
96
106
112
128
131
127
135
97
115
99
148
156
133
124
121
121
151
137
144
157
156
123
127
146
141
198
182
236
193
200
196
237
231
200
230
223
215
205
189
151
219
206
200
218
231
170
177
216
195
201
214
212
271
249
228
240
209
240
228
238
202
201
184
235
265
251
288
283
265
269
302
226
196
232
278
288
212
204
237
262
237
269
244
165
206
176
178
145
120
125
114
150
93
89
108
133
172
113
88
132
121
149
191
136
112
104
107
100
82
89
65
56
68
55
63
79
78
81
93
118
87
54
48
31
29
46
91
80
75
74
67
44
23
36
-13
4
12
-10
-3
-15
-67
-27
0
6
40
-17
-9
-2
-16
-58
-35
-15
0
23
10
30
-19
23
22
39
27
-8
26
23
37
-19
-26
-18
-15
-23
-19
-23
-24
-11
28
22
-13
71
77
97
79
40
29
8
0
-30
-16
-4
-10
-44
-28
-49
-59
-40
-81
-41
-36
-46
-38
-78
-87
-99
-122
-139
-130
-157
-162
-133
-116
-93
-57
-72
-91
-93
-98
-89
-145
-118
-104
-86
-77
-105
-133
-130
-74
-137
-98
-65
-148
-105
-95
-80
-52
-107
-70
-32
-85
-88
-118
-98
-94
-78
-11
-21
-29
-9
23
17
25
-12
-33
15
-8
-32
-7
24
64
25
68
41
11
-5
4
8
13
36
-41
-27
-35
-6
-28
-33
-24
47
80
50
58
49
56
1
-5
46
28
35
64
82
97
84
56
58
62
53
117
128
140
132
131
109
135
121
105
123
118
106
105
103
70
99
32
26
22
50
36
57
91
116
129
102
114
85
127
159
169
137
130
86
96
104
134
95
90
129
156
168
94
151
199
172
144
166
165
203
199
184
200
188
180
178
184
180
177
220
243
274
246
234
284
298
315
317
355
325
334
339
355
343
311
345
338
281
263
252
293
303
285
292
268
264
251
264
258
261
241
250
275
244
215
225
216
198
178
141
182
189
141
161
202
199
216
189
140
183
155
156
137
115
123
108
109
77
84
83
99
80
78
69
82
101
63
39
44
46
43
10
35
53
17
58
79
93
98
67
92
53
29
20
0
18
28
63
56
40
30
76
37
34
40
5
0
-27
-27
-82
-98
-62
-38
-66
-45
-34
-66
-19
-48
3
-3
-46
-37
-72
-79
-84
-62
-53
-30
-59
-65
-68
3
-17
-64
-76
-86
-50
-35
-48
-90
-75
-74
-8
-47
-43
-20
-40
-6
-56
-51
-43
-11
14
-12
10
-38
-48
5
4
-50
-42
-50
-88
-71
-79
-78
-101
-152
-129
-119
-133
-96
-108
-113
-139
-137
-205
-186
-193
-169
-140
-160
-163
-166
-137
-183
-115
-145
-162
-185
-162
-173
-164
-134
-120
-131
-143
-140
-150
-105
-157
-129
-135
-134
-138
-136
-139
-144
-165
-171
-179
-166
-94
-148
-151
-98
-96
-105
-131
-109
-94
-93
-111
-64
-42
-56
-121
-117
-91
-99
-80
-94
-76
-137
-61
-94
-45
6
-26
0
-2
13
29
23
-9
17
-23
-60
-83
-35
-63
-33
24
21
30
15
50
27
-9
6
21
26
-22
-30
-5
12
45
76
87
59
45
42
43
-20
21
75
73
58
31
45
43
51
47
84
84
117
65
76
130
107
141
121
91
49
82
62
90
81
106
133
125
126
118
132
97
145
152
135
88
119
129
82
126
135
109
114
87
113
112
93
114
154
127
167
233
226
241
220
252
220
180
151
171
204
236
211
216
229
229
256
227
220
239
231
260
268
269
286
247
283
248
235
223
261
257
259
241
204
219
202
277
238
304
281
229
229
252
282
253
242
219
303
270
225
207
157
137
141
135
161
199
139
101
168
161
78
113
147
128
132
120
155
140
115
84
107
107
109
104
80
138
85
108
93
86
78
64
92
63
49
48
80
41
8
64
82
45
52
38
35
48
41
20
-38
-3
-22
-13
-11
-27
-32
-2
-13
-45
30
-22
-23
-18
-1
-27
11
-6
-52
17
-18
-69
-40
-17
-23
-9
-18
-37
-75
-98
-72
-58
-103
-104
-95
-88
-44
-31
-41
-60
-72
-84
-114
-32
-38
-58
-70
-98
-105
-99
-76
-82
-79
-115
-73
-30
-90
-139
-155
-159
-139
-122
-178
-213
-199
-232
-178
-165
-200
-196
-148
-162
-147
-139
-160
-162
-168
-166
-146
-144
-168
-145
-193
-162
-170
-193
-150
-130
-158
-156
-150
-195
-190
-149
-183
-193
-160
-193
-198
-207
-184
-165
-123
-125
-180
-129
-118
-138
-114
-122
-98
-118
-149
-177
-161
-141
-152
-95
-110
-76
-42
-43
-36
-71
-39
-39
-56
-33
-47
-15
14
-21
-51
-45
-17
-24
-59
-40
8
-4
13
-8
-68
-43
-72
-45
-10
-33
23
28
-31
-27
5
-17
30
52
-10
-16
25
8
-27
53
20
81
87
-34
58
10
7
32
-9
-25
21
40
-13
4
5
38
50
57
8
27
62
15
35
87
64
40
129
98
26
80
96
41
44
85
75
69
60
24
45
29
25
47
39
-23
-13
-21
-76
10
-28
-34
-21
-18
-41
7
62
27
84
35
40
113
83
115
161
111
105
104
89
69
177
146
125
208
139
158
137
100
130
171
127
167
229
132
166
206
174
185
241
223
178
186
177
200
201
201
182
202
220
172
206
190
146
171
154
150
135
109
111
89
75
51
43
50
38
43
7
4
9
-20
-2
13
-42
-14
25
24
39
2
15
10
28
8
-14
-50
-29
-6
-34
5
22
-1
-35
-25
-26
18
1
-20
-17
-12
-37
-52
-13
-22
-17
-34
-51
-39
-98
-75
-22
-35
2
-11
-3
-20
-67
-60
-38
-84
-89
-55
-84
-79
-48
-58
-76
-34
-67
-70
-66
-100
-103
-66
-72
-93
-87
-81
-55
-42
-22
-28
-15
-22
-50
-59
-66
-102
-82
-71
-76
-79
-37
-61
-59
-33
-68
-43
-33
-47
-70
-63
-71
-61
-97
-85
-82
-71
-62
-121
-126
-106
-97
-133
-126
-122
-150
-143
-115
-94
-136
-137
-142
-163
-161
-175
-153
-166
-176
-192
-218
-216
-177
-179
-228
-203
-183
-229
-198
-178
-186
-208
-250
-224
-217
-214
-222
-256
-257
-219
-208
-196
-210
-189
-186
-199
-188
-171
-169
-175
-171
-182
-185
-160
-135
-129
-127
-140
-99
-170
-159
-148
-171
-171
-147
-128
-110
-71
-82
-66
-101
-67
-74
-82
-98
-100
-96
-82
-75
-58
-68
-86
-61
-83
-40
-62
-82
-66
-11
-50
-71
-16
-62
-37
-4
-15
-68
-96
-64
-61
-62
-55
-45
-25
-39
-10
-36
-45
12
-1
6
-6
-27
4
8
16
61
26
-4
-34
-11
0
-5
-24
-41
-45
-86
-62
-42
6
15
9
28
20
6
21
-8
-5
8
10
32
34
75
71
63
36
0
8
-11
22
11
4
42
12
16
20
29
30
27
42
3
64
105
65
89
70
72
67
89
96
84
133
130
96
105
121
123
90
79
105
113
103
96
95
99
78
121
128
87
100
60
64
79
84
65
66
58
70
77
66
80
103
106
62
57
74
70
86
71
24
10
21
34
10
-9
-33
-34
-36
-48
-57
-30
-16
-102
-93
-32
-66
-67
-115
-72
-73
-86
-57
-48
-44
-67
-52
-97
-77
-43
-34
-18
-24
-34
-32
-81
-103
-129
-91
-89
-136
-149
-133
-134
-143
-109
-92
-135
-148
-136
-128
-131
-164
-113
-159
-154
-178
-166
-151
-142
-190
-160
-98
-149
-90
-108
-127
-107
-102
-150
-136
-116
-175
-152
-133
-166
-132
-152
-175
-166
-176
-155
-195
-230
-191
-182
-156
-165
-186
-168
-140
-95
-115
-161
-218
-220
-209
-199
-167
-163
-199
-152
-150
-181
-160
-173
-200
-156
-90
-124
-117
-168
-215
-229
-205
-220
-254
-249
-253
-278
-269
-293
-323
-305
-277
-255
-278
-253
-287
-256
-267
-287
-295
-277
-285
-307
-312
-354
-337
-337
-336
-313
-323
-335
-324
-301
-280
-287
-253
-234
-231
-251
-228
-207
-204
-194
-216
-217
-213
-164
-199
-221
-189
-181
-168
-169
-177
-195
-143
-183
-133
-80
-121
-107
-119
-110
-104
-103
-148
-140
-98
-129
-116
-52
-40
-60
-49
-39
-62
-78
-104
-98
-81
-100
-107
-89
-84
-41
-65
-47
-22
-48
-38
-58
-41
-45
10
-31
-40
-8
-12
24
-12
-19
-10
-17
-63
-24
-3
-32
-29
6
40
-27
-26
-9
-26
29
36
51
42
55
87
118
123
71
65
36
73
49
66
65
57
64
42
86
119
102
103
159
129
104
40
78
81
79
125
99
67
47
44
51
82
49
29
60
41
21
74
96
75
92
103
135
141
165
169
164
185
129
163
155
198
205
206
176
177
198
165
208
212
233
201
232
204
213
233
170
175
210
212
180
150
177
183
200
216
139
198
226
173
194
221
211
211
228
208
196
176
158
172
163
147
125
105
61
89
153
86
127
124
73
101
65
64
65
92
90
68
52
76
97
126
119
85
126
87
99
127
101
102
99
84
118
140
113
100
112
125
125
101
103
149
102
109
98
69
79
19
-2
44
56
41
54
48
44
55
71
27
20
28
64
74
32
62
40
45
77
19
36
4
15
83
37
18
7
17
14
27
50
47
-10
-7
-60
-13
5
-58
-11
-20
-13
-8
25
12
-2
23
36
28
24
21
8
-19
57
3
183
575
442
400
428
267
315
211
181
233
55
77
42
-44
-42
-117
-163
-109
-157
-119
-102
-133
-99
-195
-273
-225
-178
-235
-219
-268
-219
-179
-170
-157
-107
-180
-155
-105
-183
-149
-203
-189
-167
-129
-126
-106
-138
-127
-125
-132
-120
-111
-94
-73
-81
-49
-34
-53
-5
-4
-5
-52
-26
-14
-11
-20
-20
-59
-20
-30
-61
-80
-117
-77
-130
-140
-129
-173
-196
-182
-210
-191
-147
-176
-209
-177
-158
-153
-170
-176
-166
-126
-95
-95
-123
-124
-90
-69
-10
5
-9
-14
15
-13
9
48
78
104
36
41
58
50
82
50
55
89
103
133
163
171
145
127
181
181
115
57
107
111
22
113
79
89
67
29
22
-46
15
9
6
33
-12
-2
-7
16
66
49
78
62
19
35
34
35
15
-39
23
-29
-21
22
19
73
50
64
36
20
26
43
30
43
82
87
130
98
73
81
61
75
106
138
179
165
161
199
171
203
221
188
181
200
217
143
134
117
133
157
145
192
181
192
218
180
195
203
189
201
186
205
208
187
184
182
162
175
160
166
170
139
169
107
133
174
143
153
135
138
97
87
100
107
107
116
104
129
168
116
109
128
115
127
154
150
161
135
112
108
172
152
103
109
90
51
23
-2
-27
-13
-15
-20
-51
-47
-46
-48
-71
-60
-41
-59
-46
-76
-68
-7
-41
-69
-104
-114
-105
-73
-66
-89
-79
-85
-86
-55
-49
-99
-103
-120
-142
-185
-159
-161
-115
-102
-113
-104
-103
-99
-118
-116
-142
-109
-107
-112
-70
-79
-115
-94
-124
-92
-97
-75
-82
-115
-55
-81
-142
-143
-130
-84
-47
-74
-18
10
-12
-11
-82
-141
-151
-228
-142
-128
-145
-155
-215
-188
-256
-248
-208
-224
-240
-269
-272
-223
-208
-234
-230
-228
-266
-258
-283
-272
-275
-257
-245
-217
-210
-261
-250
-298
-298
-287
-262
-271
-253
-287
-284
-233
-238
-234
-253
-254
-246
-214
-212
-252
-189
-188
-261
-257
-239
-204
-216
-211
-216
-258
-266
-236
-219
-184
-184
-210
-168
-163
-176
-208
-255
-238
-235
-196
-142
-147
-140
-135
-157
-142
-137
-114
-123
-150
-93
-101
-96
-94
-61
-47
-43
-30
-44
-52
-64
-60
-68
-82
-107
-94
-117
-99
-17
-34
-58
-68
-55
-32
0
42
5
-7
-26
-10
-51
-70
-67
-73
-16
-23
-25
-7
9
33
19
5
17
27
50
25
14
-24
-4
-22
-26
-11
-59
4
-3
-4
20
-5
19
19
32
23
14
-5
-15
-20
-44
10
9
9
2
15
13
15
34
28
26
65
62
27
56
26
63
77
38
38
34
37
56
42
62
109
113
50
57
103
69
108
106
107
115
111
106
105
107
129
159
178
174
139
163
122
107
128
155
152
168
157
152
174
146
127
90
149
123
110
146
144
154
137
144
125
80
99
80
68
75
45
83
105
102
77
59
68
51
87
31
45
74
29
101
51
43
37
21
40
30
19
21
6
-16
4
60
29
34
89
22
-12
-12
-16
17
14
6
19
25
-9
21
121
0
-6
39
5
48
77
9
8
28
-16
22
-9
-43
-51
-85
-84
-51
-61
-68
-24
-24
-28
-18
-56
-8
6
4
41
22
9
25
-16
-32
-30
-42
-55
-46
-37
-85
-24
-39
-48
-37
-25
3
-36
-39
-71
-76
-39
-62
-12
6
-22
14
-49
-5
18
17
44
43
37
13
34
-16
-47
-58
-90
-102
-101
-68
-90
-105
-121
-169
-152
-160
-135
-154
-164
-148
-181
-174
-146
-186
-177
-145
-175
-150
-129
-124
-129
-133
-148
-151
-144
-140
-132
-107
-118
-146
-143
-128
-130
-152
-180
-174
-220
-258
-245
-248
-202
-230
-225
-147
-164
-121
-78
-116
-59
-68
-84
-126
-108
-103
-88
-71
-229
-83
-35
-97
-48
-136
-97
-149
-188
-58
-146
-128
-71
-116
-71
-59
-134
-128
-96
-125
-70
-98
-84
-40
-93
-116
-51
-85
-85
-80
-112
-56
-40
-6
10
-22
-7
16
-20
-65
-54
-40
-65
-11
13
60
58
26
54
33
-14
-8
56
74
57
47
40
36
24
52
29
56
67
33
64
26
13
46
44
44
81
43
104
93
45
81
90
84
54
22
74
88
87
127
56
40
5
62
40
40
72
75
101
81
133
99
78
114
165
140
128
182
189
166
179
165
168
147
149
178
182
223
233
231
223
248
235
250
258
244
246
219
204
223
199
198
245
231
211
204
255
334
284
260
265
235
292
310
307
271
236
216
220
245
211
207
185
188
155
124
145
119
136
127
113
88
48
41
50
44
47
80
44
47
55
89
107
99
108
120
107
94
122
102
108
126
122
122
170
156
119
85
48
46
53
42
-13
-39
-36
-65
-74
-76
-78
-63
-86
-61
-8
-30
-28
31
27
5
20
27
43
64
74
64
79
48
32
68
59
30
-1
-2
-26
-52
-72
-73
-63
-80
-94
-105
-79
-81
-90
-102
-108
-112
-92
-56
-83
-78
-76
-89
-85
-56
-41
-27
-62
-48
-28
-32
2
-22
-53
-43
-53
-46
-59
-91
-63
-112
-114
-144
-117
-166
-222
-184
-232
-200
-171
-159
-139
-155
-131
-113
-123
-72
-103
-53
-9
-4
-7
-51
-29
-81
-76
-106
-138
-138
-145
-136
-163
-189
-185
-135
-150
-122
-149
-172
-170
-207
-190
-178
-224
-224
-161
-171
-164
-192
-132
-111
-116
-86
-112
-120
-131
-111
-119
-117
-126
-97
-120
-116
-122
-153
-100
-130
-97
-124
-128
-85
-84
-72
-48
-50
-70
-45
-28
-4
-25
33
49
36
9
16
85
65
53
58
84
77
7
26
43
22
33
19
18
3
40
68
100
102
124
122
119
100
89
120
77
91
52
61
32
83
69
54
81
18
69
52
65
104
72
79
104
103
99
70
97
82
73
53
105
132
74
80
41
48
37
24
19
39
103
116
102
104
90
52
64
72
57
69
36
46
60
35
4
32
87
116
122
125
111
113
160
135
155
188
209
168
171
179
152
166
167
172
173
213
209
197
176
181
183
211
269
268
281
247
262
254
221
245
250
225
206
187
216
196
187
177
168
177
153
140
149
190
143
123
96
157
153
130
160
143
131
155
141
119
169
136
103
148
111
117
184
141
169
112
87
81
88
40
30
71
10
11
-36
-45
-29
-27
-39
-12
5
-32
7
1
5
21
5
46
28
55
113
84
32
0
-2
4
15
0
-16
-9
25
32
24
21
16
41
3
-4
-11
-29
-17
-14
-26
-8
32
13
21
15
45
52
84
66
43
106
62
-11
-3
8
-14
35
19
6
10
-22
-64
-80
-46
-49
-70
-58
-39
-44
-6
41
12
11
5
-25
-70
-63
-50
-100
-67
-53
-49
-63
-41
-24
-17
-13
4
-9
-4
67
77
65
-25
-54
-36
-109
-162
-212
-233
-188
-235
-177
-217
-218
-223
-281
-251
-287
-261
-286
-302
-363
-303
-287
-310
-267
-258
-214
-232
-207
-166
-159
-177
-200
-201
-168
-191
-172
-134
-132
-133
-123
-88
-138
-129
-121
-153
-105
-131
-172
-93
-101
-150
-160
-149
-128
-148
-91
-97
-166
-123
-112
-76
-59
-81
-63
-22
1
-19
-28
-46
-82
-105
-88
-89
-94
-136
-107
-87
-92
-89
-108
-85
-87
-29
19
32
55
67
63
68
39
41
32
36
54
19
63
-14
24
58
20
78
60
84
71
70
85
99
98
98
120
163
164
130
108
93
102
79
120
129
112
153
146
137
134
135
97
87
98
52
74
53
38
94
70
43
43
85
85
27
68
63
46
19
25
20
-45
-1
-10
7
-3
30
47
42
89
92
155
159
111
101
102
139
164
169
236
195
199
213
195
161
178
195
153
164
172
182
142
193
217
219
198
230
236
200
218
171
167
137
151
162
156
163
151
182
165
170
189
198
175
125
112
124
157
142
118
83
85
74
86
73
59
92
43
50
48
23
50
78
76
39
1
61
99
83
88
88
120
101
91
91
90
67
94
100
99
141
126
123
82
48
-4
-54
-53
-45
-55
-32
2
13
64
85
55
47
21
-8
-17
3
1
-19
-48
-75
-70
-66
-90
-95
-107
-130
-122
-125
-96
-74
-65
-77
-71
-129
-109
-108
-139
-129
-122
-105
-101
-61
-116
-131
-101
-134
-139
-71
-99
-104
-77
-55
-12
6
-6
-43
-60
-115
-135
-174
-162
-162
-150
-106
-210
-194
-8
-160
-221
18
-59
-150
48
29
-54
37
-18
-94
-74
-121
-148
-110
-187
-185
-132
-149
-152
-98
-150
-128
-127
-163
-134
-176
-152
-123
-116
-161
-104
-103
-206
-214
-192
-233
-199
-195
-217
-188
-173
-206
-166
-162
-221
-152
-110
-128
-145
-140
-174
-187
-166
-202
-199
-184
-260
-219
-223
-212
-202
-204
-169
-185
-208
-236
-204
-156
-94
-87
-62
-63
-73
-130
-148
-138
-130
-139
-161
-137
-154
-4
224
245
261
87
-296
-360
-551
-533
-252
-115
83
209
188
-49
-286
-499
-654
-592
-409
-215
64
222
223
123
-6
-177
-383
-475
-425
-300
-102
144
241
304
314
154
-46
-160
-286
-283
-152
-15
126
324
351
209
102
-83
-257
-308
-256
-172
38
278
372
405
363
222
98
-8
-35
-6
100
231
323
378
367
261
151
50
-55
-96
-79
-4
71
110
148
168
114
46
-31
-77
-90
-120
-73
-31
-23
9
-21
-12
-29
-71
-48
-8
29
91
156
191
191
200
165
106
120
113
111
124
149
202
194
156
161
174
173
135
102
151
218
285
370
396
386
371
316
305
288
258
317
332
401
402
382
358
285
275
205
183
201
228
180
144
148
141
172
140
117
85
74
69
58
66
63
68
54
54
57
63
73
106
80
143
160
154
159
145
141
126
140
104
64
29
98
156
100
75
108
136
137
66
50
25
28
5
63
91
48
78
68
82
48
53
123
156
151
190
193
149
162
160
130
104
82
113
97
118
124
131
140
71
38
44
67
64
42
19
-2
-8
0
-10
1
23
44
34
18
-61
-61
-31
-55
-14
-16
-16
-39
-36
-24
-13
-22
0
28
24
47
8
8
-12
-25
-49
-28
-18
-8
-25
-52
-58
-89
-66
-67
-40
-23
0
-28
-33
-31
2
30
-35
-87
-101
-117
-136
-150
-219
-213
-177
-206
-150
-164
-161
-162
-169
-155
-175
-124
-122
-78
-70
-132
-177
-146
-176
-189
-160
-140
-190
-215
-170
-136
-79
-121
-137
-160
-101
-89
-101
-51
-80
-118
-142
-109
-109
-133
-87
-113
-86
-32
-52
-38
-51
-84
-70
-24
-41
-43
-14
6
31
29
21
37
-9
-12
20
44
100
86
95
89
110
139
134
137
77
91
107
127
173
159
124
113
146
156
151
129
163
163
155
165
179
210
142
134
129
158
162
136
216
207
160
109
128
138
144
157
154
146
127
165
128
145
115
80
66
70
113
69
92
126
103
80
92
92
63
86
132
146
172
189
201
205
181
178
200
210
151
167
213
231
282
288
309
279
273
288
355
347
322
331
277
289
240
218
250
312
324
306
345
350
330
344
365
356
321
276
279
288
268
290
262
215
276
262
254
295
306
305
300
322
344
302
307
328
308
280
263
280
280
256
227
235
196
188
141
179
227
189
156
184
233
206
233
221
197
194
192
146
158
167
197
187
141
111
112
102
72
113
123
162
147
142
151
138
190
152
98
115
67
87
83
106
95
85
116
92
68
21
27
45
75
45
85
62
92
89
38
64
29
-10
-43
27
1
4
13
11
12
10
52
23
-29
-77
-55
-43
0
23
42
6
-11
24
-35
-10
21
-2
26
63
47
52
64
19
-8
18
-17
18
58
44
16
26
62
10
33
11
17
46
-11
2
-5
-34
-18
-4
1
3
-2
12
-8
-59
-60
7
-25
-55
-9
-61
-80
-87
-136
-136
-144
-156
-126
-124
-159
-165
-161
-108
-119
-151
-86
-114
-108
-76
-137
-102
-87
-78
-71
-88
-103
-148
-128
-193
-167
-162
-189
-171
-214
-204
-208
-178
-164
-113
-124
-161
-160
-188
-191
-235
-204
-152
-179
-160
-122
-118
-85
-107
-115
-64
-78
-75
-112
-159
-111
-111
-123
-149
-159
-114
-134
-136
-117
-152
-134
-126
-153
-128
-135
-151
-172
-137
-92
-92
-90
-90
-99
-110
-89
-127
-142
-106
-72
-59
-108
-94
-103
-99
-63
-60
-38
-38
-13
-5
19
52
55
39
38
41
11
43
80
79
34
7
12
33
51
42
60
21
63
30
-10
9
-18
15
5
54
43
-5
50
53
28
-9
13
43
53
29
18
-18
-61
3
-19
-39
-10
13
37
45
14
-10
-17
-19
-54
-38
-37
-30
-5
-27
-8
26
42
46
52
72
122
117
95
122
117
38
61
49
68
92
86
124
119
90
78
108
114
121
152
201
139
116
137
132
146
138
120
158
102
78
90
102
129
156
138
76
124
57
34
20
10
-12
-4
49
28
3
9
-6
-1
0
-20
-25
-48
-2
28
31
11
25
28
-20
-27
-31
-58
-48
-31
-11
-41
-69
-66
0
-12
-83
-67
-41
-18
-28
-7
-13
28
-1
-41
-19
-65
-75
-42
-37
-46
-80
-89
-88
-89
-110
-87
-77
-93
-77
-119
-90
-124
-168
-129
-98
-121
-127
-149
-168
-160
-182
-164
-110
-117
-126
-143
-195
-176
-166
-162
-138
-147
-137
-79
-88
-92
-76
-95
-106
-117
-138
-130
-164
-143
-120
-166
-162
-161
-133
-158
-153
-139
-140
-117
-110
-132
-114
-110
-128
-107
-149
-110
-124
-140
-106
-127
-116
-139
-121
-138
-182
-197
-153
-165
-213
-211
-209
-212
-254
-242
-280
-259
-274
-290
-286
-289
-292
-293
-281
-289
-299
-284
-254
-312
-332
-337
-330
-305
-234
-248
-248
-243
-268
-252
-272
-244
-217
-204
-184
-205
-204
-187
-182
-165
-161
-105
-163
-165
-118
-152
-127
-126
-108
-77
-102
-136
-134
-115
-109
-112
-67
-57
-50
-59
-21
-3
-59
-59
-69
-35
-36
-51
-19
-42
-36
1
21
1
-33
14
24
27
39
39
24
45
26
55
68
76
93
90
119
113
92
87
141
56
124
102
95
147
147
168
118
183
178
155
170
144
123
193
199
234
247
195
217
232
254
274
314
293
269
278
296
286
304
344
305
282
265
290
292
289
262
262
240
240
265
277
356
319
260
247
293
247
239
264
286
286
283
298
289
345
331
355
370
335
370
321
328
367
363
363
387
436
416
451
412
432
450
445
432
429
443
399
445
474
453
445
420
406
402
426
411
378
382
388
400
413
424
392
378
370
395
410
386
360
389
375
378
353
364
355
326
370
315
288
252
270
299
296
287
246
225
255
277
276
285
268
269
283
258
262
265
228
216
203
199
203
222
206
149
178
173
159
217
198
167
162
197
208
166
167
165
136
169
159
126
147
148
138
170
173
151
175
125
131
155
144
109
123
107
70
82
82
54
52
93
78
79
43
32
90
71
92
111
76
74
31
38
16
23
42
23
22
31
48
61
99
72
62
80
52
28
49
65
97
58
75
98
46
70
78
50
71
89
62
45
41
49
30
4
-12
22
-13
-26
-35
-48
-41
-38
-28
-37
-58
-49
-58
-108
-21
-72
-131
-75
-76
-65
-39
-64
-51
-26
-56
-18
-16
-22
-22
1
-2
-40
-58
-86
-86
-77
-79
-89
-49
-19
-16
-5
-24
11
23
-11
21
31
9
-19
-9
16
13
11
-1
1
1
-23
-2
-11
-42
-29
-11
15
50
25
-12
-5
-41
2
10
-66
-78
-34
-42
-27
2
3
0
9
-8
-43
-2
-12
8
52
43
17
26
28
20
37
75
58
43
51
45
69
60
32
61
69
53
74
96
80
64
72
52
66
104
111
122
149
146
173
140
109
106
98
100
31
28
67
85
108
124
128
109
131
108
90
108
63
69
55
19
22
62
62
67
76
19
6
34
63
51
57
63
64
86
117
111
79
114
130
60
114
151
131
120
97
121
113
146
168
143
164
183
194
181
165
175
159
166
171
194
146
221
241
215
250
193
210
219
179
191
192
183
197
171
171
165
150
163
171
155
194
187
188
187
187
161
162
199
182
155
109
90
104
108
55
71
32
-8
-18
-11
-16
-30
-18
-8
-23
-40
-1
-27
-26
-18
1
0
-36
-61
-97
-106
-103
-123
-102
-120
-114
-45
-27
-33
-37
-35
-46
-41
-54
-87
-87
-59
-75
-79
-74
-108
-143
-113
-173
-145
-102
-79
-71
-114
-115
-112
-58
-111
-97
-107
-93
-104
-89
-135
-171
-123
-137
-145
-143
-153
-184
-175
-219
-189
-221
-207
-237
-262
-238
-262
-257
-272
-235
-235
-260
-271
-264
-242
-220
-215
-223
-240
-217
-218
-244
-205
-161
-168
-179
-142
-174
-202
-177
-182
-178
-168
-182
-203
-231
-248
-248
-275
-238
-248
-273
-304
-319
-292
-324
-308
-284
-288
-284
-237
-249
-275
-234
-283
-300
-274
-289
-294
-295
-278
-276
-325
-375
-341
-328
-326
-293
-284
-315
-287
-270
-238
-272
-326
-313
-322
-313
-323
-364
-386
-324
-360
-367
-336
-308
-300
-278
-285
-312
-267
-246
-222
-179
-132
-174
-203
-178
-202
-205
-219
-186
-151
-172
-120
-155
-120
-146
-165
-127
-195
-207
-161
-139
-120
-141
-185
-124
-133
-151
-129
-124
-147
-114
-93
-85
-82
-102
-92
-100
-107
-114
-95
-92
-52
-47
-89
-71
-67
-48
-22
-40
-34
-16
19
-22
9
22
-2
44
38
16
17
31
12
-26
-15
3
-5
14
4
22
24
52
42
27
8
-14
-16
7
29
-15
-33
-10
9
-21
17
12
-42
-42
-43
-25
-14
-87
-30
-19
-34
-3
16
30
-7
-7
-5
28
9
5
15
27
15
56
43
34
50
61
65
57
115
129
104
99
126
139
158
167
184
194
199
147
141
160
194
205
220
183
153
191
162
158
147
148
143
205
195
192
203
217
242
220
246
224
245
251
273
252
183
192
187
183
188
213
222
194
215
167
144
159
177
194
157
138
112
117
125
159
152
172
144
147
200
160
174
212
205
199
156
171
207
181
182
179
162
183
180
183
207
160
177
161
170
138
105
114
96
114
93
32
28
45
58
75
84
77
23
17
33
-6
2
10
-25
-5
-17
-21
-28
-32
-16
13
-8
-25
8
-23
-33
-31
-21
-18
-32
22
-8
-36
-8
-1
-1
-12
-36
-54
-33
-10
-14
-16
2
-12
-9
-18
27
6
-10
-15
-17
-17
-41
-30
-21
-23
-26
6
-10
-5
-20
2
-49
4
42
-28
48
36
-20
6
2
-22
-6
-50
-50
-39
-37
-11
-13
-75
-99
-117
-105
-112
-117
-107
-129
-61
-79
-74
-83
-103
-91
-102
-99
-132
-183
-110
-73
-161
-128
-161
-166
-118
-92
-117
-147
-94
-128
-135
-132
-131
-75
-34
-34
-34
-40
-80
-55
-58
-38
-18
-26
-14
-14
13
-11
-23
-11
-11
-60
8
39
-2
31
3
26
46
43
32
59
90
46
54
24
-1
15
-6
50
109
129
90
64
54
81
90
88
148
114
111
140
110
102
123
137
144
150
137
124
158
194
190
173
173
153
134
178
190
175
177
168
138
131
150
133
126
167
149
140
144
191
183
161
234
173
166
163
131
147
135
141
148
138
104
104
88
116
123
84
73
109
114
82
63
58
79
105
128
98
100
69
89
97
95
93
93
90
113
180
137
129
169
200
234
253
232
249
215
221
216
207
211
206
203
223
261
220
229
217
250
253
243
246
214
232
227
259
267
236
270
256
203
252
255
205
221
191
208
245
266
240
220
210
204
230
169
128
123
122
113
141
163
134
142
172
195
152
119
140
85
92
114
96
70
79
97
88
72
69
43
44
54
16
35
10
12
-9
-20
27
27
16
50
18
54
29
-8
26
17
36
-16
-35
-77
-62
-41
-30
-69
-77
-64
-87
-55
-58
-77
-88
-79
-121
-98
-113
-93
-112
-145
-133
-138
-74
-90
-122
-122
-127
-135
-102
-152
-163
-124
-141
-122
-129
-134
-123
-119
-84
-108
-140
-148
-175
-149
-144
-134
-150
-152
-155
-150
-134
-149
-131
-152
-132
-93
-99
-115
-115
-99
-118
-116
-113
-132
-143
-176
-154
-140
-144
-161
-193
-177
-200
-169
-156
-165
-187
-202
-189
-183
-175
-177
-190
-227
-242
-259
-201
-216
-265
-254
-280
-289
-261
-238
-269
-240
-194
-212
-204
-174
-166
-206
-179
-162
-215
-197
-178
-203
-192
-170
-155
-180
-153
-131
-154
-160
-218
-185
-176
-139
-93
-109
-115
-141
-133
-172
-173
-172
-181
-140
-139
-127
-151
-160
-160
-182
-149
-111
-72
-63
-121
-144
-175
-157
-94
-123
-120
-102
-98
-101
-55
-47
-91
-57
-85
-77
-40
-114
-69
-49
-42
9
16
50
19
77
41
33
90
52
63
50
65
6
42
20
26
58
24
-17
-31
155
134
3
20
58
1
37
128
62
37
87
52
-11
60
103
7
77
83
27
-18
-3
-8
-5
74
43
70
71
28
-3
44
57
78
41
101
128
57
95
96
86
50
82
113
91
94
19
31
95
68
101
84
137
128
89
96
95
132
114
124
130
127
99
89
67
103
141
162
142
165
155
115
145
106
155
179
157
159
216
218
168
155
159
158
145
144
127
158
157
165
153
115
123
120
142
109
119
154
117
115
136
102
38
83
94
74
120
121
135
104
95
92
72
127
75
21
60
58
38
28
45
36
53
50
22
55
44
21
-50
-18
-36
-24
11
-4
12
-7
-35
-50
-2
-26
-16
6
-1
-10
-21
-2
-7
-38
-53
-43
-49
-51
-49
-80
-79
-87
-88
-77
-57
-52
-21
-34
-55
-72
-142
-101
-116
-110
-99
-141
-114
-85
-52
-53
-38
-85
-48
-39
-80
-29
-56
-49
-71
-52
-36
-40
1
-40
-49
-29
-38
-41
-33
-45
-80
-39
-12
-34
-7
-4
-10
-19
14
-12
-32
-12
-31
-14
-4
21
-14
-31
-39
-74
-78
-71
-130
-141
-150
-194
-170
-125
-100
-177
-184
-202
-221
-198
-187
-186
-200
-191
-190
-175
-204
-178
-130
-150
-179
-167
-172
-173
-190
-168
-162
-212
-135
-117
-122
-178
-142
-128
-109
-103
-151
-62
-56
-63
-79
-151
-165
-108
-148
-150
-134
-94
-117
-89
-102
-103
-45
-63
-60
-66
-62
-95
-81
-79
-73
-41
-25
-61
-13
-36
-30
-34
-106
-52
-3
41
44
25
-5
27
26
0
2
27
64
26
18
69
32
0
67
44
70
121
96
137
139
120
158
164
158
157
126
177
159
138
151
137
181
203
211
192
199
208
194
191
188
172
158
199
219
187
174
150
151
164
153
110
113
132
136
173
162
140
144
172
121
109
149
145
119
101
159
117
146
167
144
178
138
159
169
178
191
194
198
167
174
179
223
224
231
242
273
266
240
284
257
273
296
253
219
240
250
259
231
263
262
270
258
220
245
224
206
233
234
187
218
205
219
208
222
272
242
230
216
178
220
219
198
203
195
184
173
185
194
178
175
197
175
184
186
202
181
187
183
180
177
183
164
179
207
204
210
154
169
134
141
127
96
101
92
95
102
111
76
58
125
51
80
55
78
94
75
44
86
49
67
135
115
144
73
89
62
96
61
103
-18
208
-348
183
-338
-133
411
-94
785
-180
422
60
-441
267
-135
-93
357
-103
39
78
-317
34
-288
78
152
-42
211
45
-133
11
-138
32
116
80
180
19
-31
8
-162
-23
172
90
238
168
29
61
-17
-17
63
98
243
149
91
85
-27
17
77
62
154
174
113
43
-55
-80
-79
-11
76
109
62
4
-118
-181
-134
-79
-37
-30
3
-40
-132
-163
-199
-134
-47
-82
-21
-84
-204
-228
-256
-202
-143
-78
-66
-78
-146
-231
-295
-282
-274
-210
-135
-141
-138
-238
-278
-266
-238
-201
-140
-116
-137
-192
-230
-249
-280
-223
-224
-221
-251
-231
-241
-278
-253
-254
-231
-235
-207
-240
-250
-256
-312
-300
-290
-317
-267
-265
-282
-267
-319
-356
-306
-258
-267
-261
-264
-317
-330
-300
-288
-305
-283
-250
-219
-237
-254
-202
-270
-229
-252
-224
-197
-224
-220
-239
-162
-185
-146
-127
-131
-126
-99
-120
-130
-123
-130
-81
-63
-86
-140
-73
-55
-70
-26
19
23
-15
-22
-15
10
-1
16
67
61
64
59
27
31
56
43
29
39
57
42
28
53
66
70
26
52
117
73
82
108
163
199
180
204
175
196
202
173
200
260
245
232
279
227
197
225
263
275
262
257
270
321
339
339
333
359
342
338
364
327
276
261
240
257
273
291
296
217
256
213
232
222
226
240
198
203
192
208
189
182
171
180
153
180
186
143
143
106
91
75
71
78
23
64
40
8
45
28
29
73
7
3
17
-40
-37
-28
-23
-23
12
-10
8
9
13
2
-41
-41
-32
-55
-94
-95
-98
-114
-95
-77
-98
-125
-129
-121
-106
-102
-124
-116
-143
-160
-171
-166
-130
-155
-180
-210
-205
-212
-196
-183
-189
-198
-226
-226
-261
-217
-231
-221
-177
-226
-257
-185
-182
-237
-233
-218
-186
-219
-226
-256
-258
-244
-242
-273
-265
-235
-229
-218
-254
-258
-267
-249
-203
-176
-169
-152
-137
-168
-182
-201
-240
-186
-211
-182
-119
-116
-118
-174
-180
-180
-170
-146
-101
-105
-137
-143
-161
-225
-215
-208
-245
-201
-162
-139
-138
-173
-225
-208
-194
-150
-159
-193
-181
-163
-131
-157
-229
-235
-222
-203
-181
-241
-221
-198
-184
-200
-192
-170
-174
-170
-193
-176
-142
-178
-183
-160
-143
-116
-129
-103
-121
-137
-126
-114
-103
-81
-85
-71
-42
-74
-74
-75
-78
-73
-59
-64
-60
-59
-66
-30
-84
-71
-58
-92
-42
-42
-31
-2
-34
8
86
47
42
82
74
30
22
29
6
65
64
10
55
46
25
49
44
56
96
74
38
93
89
104
115
120
125
99
128
113
149
157
102
106
106
98
106
87
92
82
82
78
61
73
83
84
110
102
104
134
95
111
120
139
120
111
107
137
105
79
107
89
116
119
109
43
54
48
44
84
108
115
91
102
123
82
93
159
153
145
135
127
157
139
114
137
103
156
221
161
185
183
119
135
148
175
191
141
141
174
145
121
126
122
145
114
104
181
169
188
222
207
191
204
197
216
229
213
211
210
239
224
199
217
254
200
209
230
192
166
149
141
151
110
120
145
84
132
115
123
158
115
111
107
67
59
68
74
78
37
52
32
29
51
35
78
81
79
43
44
29
-4
36
56
41
4
17
10
40
43
23
0
-6
-4
-21
-61
-51
-23
-36
15
-18
-9
-20
-70
-28
-49
-39
-16
-17
13
-9
-23
-41
-60
-29
-63
-81
-82
-108
-49
-69
-121
-69
-88
-115
-109
-84
-86
-76
-55
-66
-72
-97
-69
-97
-112
-77
-88
-109
-106
-100
-75
-83
-63
-45
-73
-55
-65
-71
-95
-82
-43
-77
-31
-55
-99
-23
-62
-49
-74
-83
-104
-99
-50
-101
-104
-130
-92
-119
-114
-104
-143
-134
-205
-202
-183
-193
-182
-219
-206
-191
-207
-200
-224
-242
-203
-184
-189
-178
-207
-191
-167
-159
-146
-178
-165
-126
-146
-134
-153
-151
-113
-113
-54
-88
-144
-108
-128
-131
-100
-102
-76
-79
-62
-111
-62
-54
-56
-9
-72
-26
-37
-61
-9
-3
-51
1
19
13
38
22
-16
-19
-8
16
-20
-31
-6
-20
-8
-18
6
23
35
59
41
-29
-21
36
35
15
29
49
93
82
19
21
81
41
70
124
134
127
66
90
87
66
27
89
111
112
201
162
131
156
89
62
130
132
113
160
206
156
105
97
139
139
169
212
205
184
130
147
102
126
141
134
146
110
148
122
69
79
84
90
121
159
127
113
135
101
48
41
67
65
74
110
103
104
124
123
182
132
98
104
135
125
106
99
127
149
180
221
174
215
212
169
161
165
146
170
227
268
205
198
167
181
200
255
224
154
250
164
91
125
122
158
236
241
196
211
213
163
168
162
153
161
160
96
86
92
72
99
123
75
88
90
33
30
53
28
-1
-6
-31
-29
-27
-9
-11
9
-26
-33
5
-16
8
39
46
38
13
30
5
38
23
12
9
5
37
-24
11
-4
-8
10
-4
12
7
-1
0
-5
-75
-91
-50
-65
-59
-85
-67
-38
-55
-69
-66
-15
-24
-38
-83
-96
-83
-47
-22
-56
-65
-85
-69
-60
-57
-31
-20
-35
-72
-90
-84
-123
-138
-81
-96
-85
-28
-47
-65
-78
-82
-60
-56
-62
-57
-44
4
-5
-61
-32
-45
-34
-45
-85
-98
-91
-88
-81
-39
-90
-91
-83
-79
-125
-106
-59
-55
-120
-151
-182
-189
-161
-206
-181
-190
-199
-285
-263
-219
-249
-207
-222
-223
-225
-202
-188
-233
-241
-275
-218
-239
-229
-230
-251
-243
-268
-215
-232
-255
-300
-282
-253
-270
-242
-198
-205
-175
-165
-170
-148
-153
-160
-127
-156
-131
-95
-85
-57
-59
-79
-105
-57
-85
-60
-86
-134
-131
-93
-79
-73
-64
-54
-29
-42
-5
-27
-17
-77
-82
-51
-50
-62
-71
-55
-71
-66
-76
-44
-89
-68
-83
-28
28
-10
-7
-18
16
4
65
69
48
103
58
60
68
72
91
126
140
140
103
38
93
101
110
78
100
136
159
156
151
156
147
162
142
195
177
212
205
175
224
179
168
162
123
126
130
132
148
143
139
136
151
155
151
131
186
171
167
198
160
183
154
128
99
155
136
66
96
91
68
119
162
154
208
223
223
222
229
215
209
222
227
274
290
285
288
289
303
296
254
257
243
258
297
275
288
331
315
334
295
267
276
237
232
241
269
240
284
277
292
309
290
295
292
317
282
293
265
236
260
242
252
258
244
240
237
208
171
179
180
207
171
185
192
175
185
182
182
148
148
117
141
133
110
81
110
120
87
114
93
96
73
75
104
118
90
81
128
139
125
129
99
53
58
86
45
56
50
32
64
25
33
3
-13
15
-21
-12
-21
-59
-7
5
18
-16
-57
-68
-66
-32
-27
-38
-36
-57
-82
-72
-49
-62
-36
-3
-60
-16
-58
-71
-55
-85
-49
-87
-61
-47
-23
-39
-77
-43
-56
-77
-84
-73
-84
-48
-75
-82
-93
-77
-68
-78
-89
-76
-69
-51
-14
-94
-73
-109
-75
-83
-104
-107
-157
-137
-128
-112
-98
-134
-157
-116
-112
-132
-129
-165
-158
-167
-213
-179
-224
-157
-168
-184
-166
-186
-199
-161
-128
-147
-122
-118
-104
-125
-110
-119
-114
-100
-110
-149
-102
-127
-148
-172
-197
-162
-170
-120
-136
-154
-155
-136
-138
-152
-129
-129
-117
-89
-68
-83
-88
-86
-128
-107
-87
-91
-77
-79
-41
-60
-55
-61
-67
-55
-88
-46
-66
-51
-42
-63
-34
-28
-12
-10
-25
-21
1
-8
-23
-40
-13
-16
-19
6
5
30
44
81
18
4
23
8
10
-14
43
104
63
38
11
18
40
-3
28
42
21
5
12
-15
-2
-20
10
53
45
10
6
50
27
14
11
22
22
25
2
-7
-12
-13
-21
-2
-26
-1
29
49
74
63
57
37
37
25
41
58
44
4
19
40
45
43
57
64
71
72
69
99
87
104
119
107
121
172
149
112
143
145
157
136
158
186
176
178
158
131
161
161
189
238
151
98
162
164
138
168
198
183
135
135
165
157
153
169
157
180
153
169
142
129
127
166
150
108
112
78
89
68
35
-1
57
50
13
9
17
29
19
-21
-1
-29
-33
-46
-49
-38
-76
-63
-72
-31
-38
-64
-69
-45
-53
-90
-81
-98
-87
-82
-106
-77
-102
-103
-98
-82
-73
-53
-65
-89
-100
-121
-86
-97
-88
-112
-93
-113
-123
-103
-107
-103
-123
-140
-139
-132
-199
-155
-104
-114
-97
-82
-139
-144
-123
-129
-135
-148
-102
-135
-126
-109
-172
-172
-135
-137
-148
-159
-171
-160
-129
-195
-165
-132
-143
-118
-146
-115
-120
-133
-100
-120
-127
-125
-108
-76
-102
-101
-133
-116
-110
-151
-132
-97
-101
-107
-147
-166
-161
-139
-148
-176
-164
-180
-185
-199
-156
-177
-213
-211
-197
-161
-148
-188
-175
-190
-195
-198
-201
-216
-213
-181
-176
-180
-165
-170
-185
-195
-214
-168
-192
-160
-150
-115
-150
-205
-200
-185
-186
-192
-149
-182
-190
-173
-168
-164
-160
-171
-147
-142
-163
-111
-146
-164
-133
-159
-163
-111
-72
-92
-58
-62
-44
-52
-11
37
11
-81
-88
-96
-128
-63
-81
-69
-45
-41
-55
5
-12
-67
-44
-59
-123
-75
-59
-116
-76
-95
-92
-62
-36
-22
-12
-25
-38
6
10
-13
-5
29
34
-9
-1
23
13
44
31
26
62
64
74
137
157
98
66
72
108
65
44
94
71
60
80
69
57
76
63
67
80
70
50
79
65
28
47
64
71
13
29
27
13
6
-7
-1
-19
16
15
36
52
34
43
25
30
48
55
65
107
95
117
97
109
80
45
98
66
67
75
133
151
174
169
170
161
212
187
173
192
171
172
142
159
152
168
170
200
174
151
162
154
141
200
195
166
179
153
163
184
157
168
147
145
145
130
110
101
141
6
-52
111
332
151
13
80
37
91
149
77
-33
52
158
2
-47
97
23
-42
40
-50
-163
52
102
-68
-30
37
-68
-41
56
-49
-120
-35
-2
-64
-21
19
-34
-86
-85
-132
-133
-56
-23
-55
-34
1
-48
-19
-83
-82
-58
-93
-31
-89
-78
-79
-87
-59
-101
-99
-86
-35
-18
-47
-88
-25
-46
-114
-184
-107
8
-97
-129
-108
-97
-107
-47
-113
-194
-120
-76
-119
-127
-220
-222
28
-66
-178
-86
-146
-181
-82
-142
-251
-140
-112
-83
-124
-136
-102
-141
-169
-164
-184
-186
-36
-50
-111
-175
-157
-161
-173
-168
-193
-175
-180
-186
-145
-145
-173
-189
-238
-221
-249
-254
-225
-254
-253
-240
-241
-217
-275
-254
-265
-282
-249
-244
-258
-271
-259
-286
-261
-244
-232
-258
-285
-213
-174
-212
-157
-174
-180
-175
-195
-181
-167
-174
-167
-124
-132
-125
-158
-127
-97
-137
-148
-119
-137
-130
-54
-11
-72
-46
-74
-105
-33
-20
-21
-37
-27
-49
-35
-22
-59
-73
-64
-27
-50
-74
-29
-43
-17
-40
12
-18
-67
-35
-35
6
-28
-14
23
-49
-58
-17
-21
-12
-34
-13
-2
-39
-49
-38
-8
19
-18
26
29
60
37
32
21
24
100
41
33
61
86
66
21
28
60
56
59
28
15
23
56
85
171
150
115
187
135
88
139
122
78
141
82
92
122
75
85
100
135
110
103
52
24
94
127
137
149
97
34
65
71
94
92
125
158
193
198
177
202
193
176
150
196
135
159
196
143
171
135
144
169
213
242
238
281
270
235
237
248
236
226
212
252
249
261
277
276
274
237
235
248
271
228
273
255
225
265
202
175
190
191
198
175
172
168
184
215
219
205
171
166
129
106
134
160
183
176
135
128
142
124
126
119
103
105
88
59
103
132
107
108
59
108
117
70
108
117
101
72
49
93
64
-1
1
-4
-37
-13
-5
-46
-22
-30
-22
-43
-12
-43
-38
-2
-32
-55
-88
-64
-58
-43
-102
-78
-47
-51
-90
-119
-119
-117
-33
-118
-123
-63
-90
-83
-16
-10
-9
-2
-54
-66
-62
-67
-82
-43
-23
-17
-21
-30
13
-12
-6
-1
-71
-67
-20
1
-59
-55
-59
-86
-66
-65
-69
-105
-63
-27
-72
-54
-67
-57
-71
-81
-46
-92
-86
-48
-61
-68
-85
-152
-155
-130
-149
-220
-171
-176
-178
-178
-203
-181
-230
-197
-239
-220
-218
-217
-217
-223
-170
-188
-191
-204
-214
-228
-212
-185
-204
-259
-173
-223
-197
-860
-531
1141
230
-999
-249
303
-138
-418
-650
-375
256
222
-156
-364
98
292
-300
-670
-182
68
-4
-204
-287
40
176
-97
-317
-258
-136
-90
-215
-262
-110
87
-2
-125
-57
-47
-169
-272
-208
-152
-61
33
-42
-73
-24
-28
-154
-153
-92
-111
-93
3
-8
-44
26
-19
-82
-99
-67
-86
-85
-28
5
15
38
10
-45
-43
-54
-87
-52
32
-16
25
66
26
-4
-8
17
-17
-16
-1
0
-14
85
99
71
67
37
16
-27
11
21
9
13
29
83
58
46
69
47
52
2
21
42
32
31
1
35
23
20
19
6
42
67
77
45
132
114
115
124
94
127
112
120
110
118
107
138
115
157
144
107
167
190
153
110
93
97
100
154
149
135
168
79
85
116
186
108
61
218
115
33
176
123
148
183
132
103
20
93
123
72
26
109
108
33
93
132
75
75
74
79
67
57
114
38
82
107
110
122
64
45
19
28
63
47
-2
-22
-28
-14
-38
-4
-14
-58
-69
0
33
-32
-23
-26
-42
-70
-48
-105
-99
-71
-56
-60
-78
-25
-43
-68
-58
-99
-94
-9
-28
-33
-53
-78
-111
-112
-153
-135
-79
-134
-107
-82
-115
-83
-83
-128
-123
-127
-67
-80
-116
-109
-141
-135
-124
-84
-105
-164
-160
-168
-157
-152
-150
-141
-68
-64
-100
-79
-74
-76
-97
-75
-105
-113
-86
-106
-76
-73
-98
-91
-79
-62
-68
-75
-73
-85
-62
-40
-35
-57
-84
-71
-131
-104
-95
-154
-135
-131
-156
-137
-110
-137
-153
-156
-150
-145
-139
-132
-161
-201
-145
-161
-170
-166
-174
-132
-156
-141
-129
-177
-159
-147
-196
-174
-213
-176
-151
-149
-132
-207
-165
-144
-148
-118
-96
-85
-79
-113
-94
-95
-113
-96
-60
-46
-54
-7
-25
-24
-87
-61
-51
-21
-25
-43
-58
-15
-29
-43
145
10
-126
44
9
-12
121
-190
66
320
-97
-145
53
-93
-20
-18
-184
-14
80
-109
-315
-499
-857
-1065
-379
1153
967
-125
622
1150
290
-344
-623
-595
-368
-297
-280
201
699
542
185
189
123
-196
-742
-714
-299
17
117
144
593
747
473
165
4
-74
-214
-480
-193
177
339
245
378
591
616
362
61
-72
4
6
-96
-162
174
611
394
400
443
341
231
77
-173
-18
-38
-73
129
329
432
395
373
414
349
225
40
-33
115
156
220
333
489
547
630
566
433
368
306
207
241
320
405
480
589
717
721
659
609
521
452
412
338
395
439
534
652
683
703
711
704
671
565
485
495
434
515
644
690
773
918
918
864
1070
1011
921
973
1041
1121
1127
1234
1395
1693
1866
2207
2795
3489
4298
5328
6806
8574
10294
10754
12742
15648
14632
11263
7903
4934
-313
-6590
-8277
-8081
-9151
-9086
-6182
-2173
-1674
-2828
-1998
-2069
-4765
-7521
-6121
-4595
-4910
-3216
-548
2214
2797
2145
3508
2520
-494
-1587
-1441
-2596
-3308
-2288
-2277
-655
-1874
-1234
-474
-3630
-3281
-4079
-5042
-5684
-5151
-2643
-662
52
382
1833
2711
1162
-984
-1472
-3708
-5058
-3166
-1675
1817
4205
5499
8156
6626
4646
2315
-2121
-3914
-4397
-4498
-1783
732
3405
6424
6809
6479
4772
1812
-388
-3284
-4846
-4524
-3722
23
1079
1287
4406
5256
4430
1689
512
1092
-1510
-2389
-1557
14
993
2016
3990
4686
4573
2600
3057
1439
-85
155
-363
1019
2077
2734
2776
3177
1955
1612
699
-1348
-761
-1173
-1276
-1936
-1252
30
-867
-1547
-1088
611
-2138
-2081
-1211
-2640
-2306
-4247
-2219
-697
-2016
-1642
-788
-106
-2308
-3556
-2659
-3616
-6823
-7655
-5995
-5524
812
4903
6336
12588
16914
17202
10043
4050
-4
-10428
-18838
-17880
-14817
-12604
-8126
2920
13967
15002
19306
20495
13448
5992
-1539
-7483
-16825
-20227
-17813
-15005
-10248
-2199
10705
17782
19864
21340
20141
13067
1709
-6233
-10806
-13177
-14105
-10615
-2240
4236
8374
10428
10550
7735
1689
-3165
-7602
-10348
-10276
-8199
-4749
-1506
2870
7290
8950
6930
4584
2862
99
-3188
-4493
-2343
-721
-313
1332
3664
4497
2073
-284
-1041
-2981
-5342
-5966
-4175
-2367
-1617
274
2747
3922
3490
2925
2090
28
-1961
-2099
-2404
-3373
-1916
868
3046
2930
3666
5228
3325
885
-256
-1073
-2645
-4027
-3149
-1700
-717
685
1956
2334
2707
2518
952
8
-1001
-2330
-2789
-2812
-1463
-27
669
2028
2985
2948
1510
301
-40
-1070
-2070
-2407
-1988
-1268
-497
518
911
327
-30
-203
-1091
-2393
-3167
-3141
-3111
-3073
-1983
-635
450
550
523
712
-117
-1417
-2148
-2412
-2984
-3024
-2768
-1821
-921
145
593
202
515
-16
-1182
-2712
-3471
-3464
-3871
-3716
-2662
-979
-136
53
666
891
162
-1157
-1841
-2366
-2784
-2914
-2297
-854
123
1237
1954
1596
1470
1332
548
-462
-1279
-826
-486
-1404
-1366
-108
652
3
-904
-4
188
-940
-180
835
529
406
1090
1558
443
167
1481
687
-827
-1016
-1066
-1404
-2283
-2589
-2350
-2960
-2802
-2156
-2223
-2252
-2254
-2514
-3128
-3827
-3916
-4207
-5435
-6005
-5778
-5651
-5834
-5963
-5784
-5971
-6576
-7029
-7568
-8492
-9699
-10478
-10986
-11388
-11222
-10602
-9436
-6841
-2612
1970
5183
7202
9512
11094
11506
11402
11523
11590
10602
9458
8600
8136
7929
7010
5133
3198
2148
1105
-528
-1717
-1788
-1261
-1173
-504
1056
2616
4037
4914
5558
6197
6874
7307
7197
6995
7041
6910
6267
5658
5273
4653
3545
2541
1614
417
-789
-1836
-2614
-3187
-3199
-2864
-2256
-1531
-884
-451
-492
-982
-1956
-3275
-4998
-7007
-8943
-10749
-12036
-12903
-13086
-12907
-13099
-13630
-14758
-16178
-17639
-19245
-21261
-22269
-21531
-18917
-15788
-11358
-5400
2169
11885
24188
32428
32742
32767
32084
30579
26062
17296
8687
2588
-1879
-6864
-10764
-10731
-8338
-8297
-11553
-13674
-12263
-10983
-11859
-12959
-11461
-7849
-3371
1539
7421
14346
20362
23585
24325
24377
23523
20242
14535
8761
3910
-591
-4624
-7330
-8163
-8173
-8320
-8743
-8388
-7353
-7013
-7532
-7866
-6941
-5384
-3601
-1054
2391
6008
8878
10842
11878
12259
11779
9725
6639
3562
1166
-670
-1587
-1353
-893
-982
-960
-451
-276
-673
-1761
-2970
-3835
-3965
-3419
-2262
-247
2159
4399
6293
8123
9360
9710
9394
8462
6940
4953
3412
2306
1245
613
321
305
502
842
984
673
340
-43
-505
-885
-760
-422
-231
720
1808
2750
3792
4322
4300
3804
3391
3421
3285
2609
1630
303
-984
-1752
-2525
-3428
-4328
-5179
-5443
-5085
-4425
-3580
-2937
-2376
-2200
-2343
-1979
-1902
-2422
-3087
-3626
-4048
-4280
-4263
-3956
-3962
-4530
-4802
-5232
-5801
-6547
-7675
-8635
-9040
-8692
-7991
-7056
-5687
-4289
-3340
-2769
-1665
12
1573
2507
3076
4145
5320
6180
6666
7080
7493
7321
6332
5011
3801
2430
723
-1169
-2489
-2927
-2894
-2483
-1612
471
3681
6966
8855
9188
9269
8806
7367
5029
2845
1131
-287
-979
-1090
-400
835
2369
3642
4854
6199
6949
7516
8619
10325
11198
10704
9871
8688
6981
4939
2752
613
-1191
-2652
-3825
-3732
-2555
-1390
-858
-128
701
1071
731
-273
-1829
-3852
-5685
-7763
-9911
-11638
-12883
-14144
-15176
-15584
-15830
-16514
-17498
-18748
-19869
-21079
-21609
-20895
-17845
-13899
-9999
-6285
-1138
6445
18191
30650
32767
32556
32767
31754
27766
19300
7328
-4649
-14041
-21330
-26000
-26569
-22769
-17899
-15298
-13862
-9375
-3039
1007
1390
1392
3040
5717
9114
13007
17461
21554
23668
23135
21082
18380
13766
6131
-2903
-10226
-15459
-19407
-21585
-20910
-17756
-13932
-9647
-4766
406
4531
6715
7265
7372
7952
8501
8442
8564
9422
9988
9659
8659
7290
5102
1495
-2873
-6828
-9831
-11748
-12751
-12697
-11082
-8095
-4546
-1008
2340
5164
6824
7320
7500
8326
9449
9877
9501
9797
12338
15264
15516
13347
10760
7513
3196
-1525
-5770
-9042
-11127
-11840
-11085
-8140
-3784
-180
1826
3705
5678
6429
5672
3894
1941
487
-472
-1105
-1245
-953
-871
-1504
-2176
-2300
-2982
-4892
-6899
-8116
-8541
-8726
-8459
-7616
-6354
-5046
-4164
-3339
-2569
-2149
-2636
-3723
-4526
-4974
-4971
-4874
-4901
-4522
-3586
-2900
-2905
-2936
-3109
-3607
-4224
-4117
-3276
-2098
-469
1221
2966
4447
5482
5754
5377
4623
3491
2310
1303
820
800
1350
2142
2798
3584
4421
5012
5033
4789
4496
4104
3769
3586
3634
3947
4410
4873
5252
5675
6039
6456
6975
7129
6484
5668
5544
5412
5117
4589
3673
2509
1338
238
-896
-1751
-2563
-3321
-3866
-3879
-3511
-3421
-3482
-3489
-3509
-3576
-3682
-4306
-5530
-6972
-8452
-9713
-10454
-10667
-10751
-10539
-9933
-9111
-8374
-7986
-8755
-11291
-13802
-15297
-16342
-16996
-17177
-16634
-14334
-10045
-5096
-651
3808
9694
17367
24156
26328
25170
23351
20378
15229
8631
2434
-3079
-8208
-11942
-13019
-11638
-9790
-8866
-7815
-5190
-2085
-153
750
1542
2719
4048
5792
8015
10243
11644
11748
11350
11077
10070
7164
3235
-135
-2571
-4577
-6364
-7408
-7440
-6709
-5531
-3849
-1516
528
1494
2092
3303
4781
5423
5374
5526
6007
6396
6253
5885
5467
4701
3521
2456
2024
1931
3129
6942
11847
14350
15109
15168
12825
9419
5493
58
-5022
-7807
-9349
-9431
-6875
-3762
-1407
1043
3828
5856
6948
6971
5210
3416
2483
1432
-20
-1310
-2716
-4363
-5390
-6055
-6790
-7977
-9408
-10412
-10654
-10180
-9686
-9281
-8474
-6697
-5205
-4766
-5036
-6035
-7500
-9055
-10353
-11581
-12413
-12976
-13021
-12210
-10480
-9035
-8186
-7416
-6036
-2619
2825
7479
9815
11794
13803
16381
13965
10003
9908
4513
368
-1412
-5095
-4169
-4366
-6172
-5625
-3931
-603
138
-724
1214
1473
2534
3059
3427
3839
3028
6927
3080
5278
8985
1319
6340
4018
-281
4176
-850
-566
-975
-3521
-411
-2108
-54
2012
-131
3831
3652
2677
5417
3288
3634
5112
6544
12305
14198
13777
14671
12472
9693
7205
2922
-913
-4268
-6441
-6276
-4812
-2848
-2912
-2087
-27
619
1517
1798
1277
1065
1199
1247
1487
1391
194
-1633
-3030
-3803
-5084
-6019
-7124
-7759
-7352
-7160
-6384
-5911
-6321
-6467
-6245
-6263
-6173
-6358
-6626
-7074
-7704
-7913
-8617
-9170
-9893
-10664
-10461
-9920
-9444
-9076
-8755
-8494
-7875
-7092
-6009
-4497
-2696
-216
2528
5075
6867
8120
8583
7937
7199
5883
3949
2462
1494
583
160
209
200
350
515
687
593
295
247
463
694
1074
1662
2091
2430
2918
3097
3154
3094
2421
2009
2036
1923
1663
1417
1662
1722
1831
2402
2458
2819
3042
3128
3437
3445
3319
3649
3643
3590
3847
3503
3225
3304
2867
2058
1996
1833
1219
1362
929
1314
1675
1757
2556
1720
2305
1902
1591
1193
1119
1322
1471
1454
717
1024
-308
-446
-46
-48
-750
-273
88
-638
182
917
701
1203
1372
1243
1377
1391
1484
1231
1210
999
630
1049
914
309
618
153
423
573
303
13
392
-95
-549
262
-518
-390
-207
-916
-368
-169
-623
-67
-316
-496
56
-494
-422
-380
-797
-571
-597
-630
-484
-471
-570
-515
-642
-563
-647
-814
-898
-1171
-1057
-999
-1116
-999
-992
-1248
-1051
-1116
-1183
-1007
-1169
-1147
-875
-933
-803
-538
-625
-329
-254
-119
70
73
-103
-254
-308
-542
-621
-780
-816
-659
-735
-797
-668
-737
-659
-561
-669
-670
-760
-860
-718
-720
-712
-582
-480
-572
-358
-397
-422
-433
-676
-810
-924
-895
-1165
-1077
-1166
-1247
-1099
-1043
-907
-644
-551
-529
-363
-332
-326
-328
-220
-251
-258
-304
-494
-154
-137
-320
148
-276
-171
70
-429
-139
-232
-286
-203
-129
-10
206
245
298
478
401
450
356
323
438
413
443
526
446
480
495
453
562
488
433
403
363
484
395
490
405
593
457
415
547
182
256
450
94
229
418
59
361
264
165
448
388
324
427
232
190
211
160
185
280
357
401
539
559
624
691
637
585
521
432
357
387
405
419
475
414
375
358
376
325
322
224
173
197
152
146
139
89
55
4
-106
-215
-303
-289
-287
-349
-348
-260
-219
-211
-132
-76
-76
-79
-101
-125
-141
-161
-229
-320
-347
-401
-456
-477
-526
-549
-539
-556
-592
-583
-569
-582
-575
-458
-419
-353
-317
-270
-217
-259
-283
-311
-281
-288
-201
-80
14
78
132
203
288
274
192
82
-13
-208
-263
-263
-355
-357
-306
-192
-164
28
-3
4
35
-70
-55
-92
-147
-158
-91
-23
81
174
187
64
-10
-86
-204
-264
-344
-415
-395
-292
-272
-197
-140
-87
-28
39
104
91
143
149
211
267
348
353
354
412
431
441
398
468
466
409
391
273
142
78
-59
-185
-258
-270
-198
-100
0
-12
55
174
207
212
219
224
248
242
199
220
256
230
197
143
88
40
-49
-116
-141
-168
-279
-297
-222
-204
-180
-101
-79
26
37
70
99
104
183
122
113
39
21
-38
-38
-59
-80
-18
-59
-97
-185
-212
-234
-266
-177
-134
-121
-101
-136
-82
-84
-65
-54
-54
29
-14
17
95
106
87
67
12
9
7
-50
-77
-156
-126
-155
-248
-280
-308
-313
-284
-242
-208
-190
-138
-101
-95
-47
-35
-28
6
57
126
114
149
174
67
48
46
-32
-69
-146
-176
-111
-53
-8
-14
43
119
182
207
228
101
69
131
88
85
-15
-84
-120
-109
-52
-32
-12
-34
-21
59
75
149
141
134
179
170
193
201
176
159
132
83
97
88
41
18
56
64
13
40
71
-10
-20
1
-12
-18
13
19
-17
38
70
92
104
91
2
10
28
-34
6
43
80
99
123
134
152
158
85
21
102
67
37
114
132
213
199
241
264
266
259
235
216
202
167
132
183
158
106
51
17
-53
-68
-45
43
65
80
193
221
337
347
286
286
282
310
353
310
358
308
262
324
267
283
230
212
205
210
249
279
313
377
384
407
431
458
514
497
567
512
476
493
447
353
298
282
261
262
277
371
398
392
357
342
294
266
292
270
277
298
378
478
531
547
548
518
507
455
423
413
345
383
387
340
371
373
387
367
350
339
279
264
200
177
182
166
216
256
274
309
347
322
330
329
312
324
272
360
381
338
356
376
439
375
307
322
272
257
186
142
176
148
207
289
363
390
364
334
285
270
295
266
258
258
282
275
311
320
324
337
248
284
260
224
176
173
153
141
179
166
229
285
344
336
296
292
279
228
183
196
174
200
228
229
298
270
247
244
154
110
85
82
78
44
37
41
69
97
91
116
83
129
109
109
132
83
123
102
167
176
175
217
236
261
262
266
240
257
240
171
202
201
182
213
257
254
247
203
130
70
-14
56
26
-26
-30
-101
-89
-38
-21
-11
-9
7
-24
43
96
45
57
95
139
203
214
197
233
166
143
93
32
-7
-99
-117
-101
-82
-109
-90
4
19
24
69
65
90
108
119
150
124
158
174
236
228
138
139
93
9
-36
-54
-75
-56
-80
-45
-38
-36
19
35
42
30
55
110
144
167
185
201
262
277
270
259
216
200
124
70
117
91
32
64
85
38
15
62
88
105
120
129
123
65
30
38
73
102
134
105
190
224
165
175
96
39
25
23
-22
63
96
98
186
190
198
167
111
44
34
14
-52
-101
-41
-18
-19
52
81
33
-19
31
-30
-136
-189
-217
-214
-189
-178
-108
-20
61
132
125
172
109
60
45
16
19
-42
-26
-32
-11
0
-4
62
30
74
116
116
105
91
82
4
-1
7
13
-14
-50
34
93
88
109
102
129
172
148
135
129
90
90
67
42
76
88
107
113
133
153
151
87
24
48
21
10
0
-47
-54
0
36
24
67
107
88
139
118
75
30
5
-28
-116
-132
-168
-136
-177
-204
-172
-186
-161
-153
-164
-147
-114
-113
-105
-107
-131
-127
-141
-168
-189
-159
-161
-170
-127
-105
-122
-71
-30
-86
-100
-172
-202
-214
-239
-293
-356
-351
-370
-316
-274
-275
-244
-213
-222
-283
-323
-318
-326
-372
-403
-385
-337
-275
-261
-202
-150
-213
-189
-212
-285
-262
-269
-354
-343
-314
-296
-257
-273
-284
-288
-318
-365
-401
-406
-417
-456
-483
-496
-444
-344
-326
-315
-299
-251
-249
-315
-305
-362
-362
-420
-452
-397
-408
-370
-366
-371
-396
-405
-408
-431
-404
-374
-384
-421
-418
-361
-343
-376
-416
-414
-391
-424
-464
-432
-445
-514
-558
-643
-691
-703
-695
-687
-719
-721
-705
-657
-649
-631
-568
-495
-414
-388
-357
-236
-194
-161
-121
-158
-73
8
15
75
171
302
407
380
229
-4
-193
-445
-636
-738
-811
-812
-797
-690
-670
-618
-558
-533
-514
-558
-574
-506
-509
-603
-619
-674
-659
-658
-652
-576
-571
-510
-516
-499
-470
-502
-493
-540
-564
-580
-595
-617
-598
-611
-585
-541
-514
-444
-433
-417
-426
-415
-384
-338
-402
-417
-394
-456
-487
-482
-486
-467
-429
-402
-349
-277
-288
-312
-306
-329
-270
-318
-317
-267
-243
-259
-310
-331
-337
-356
-354
-303
-289
-264
-261
-217
-218
-245
-241
-241
-310
-333
-375
-398
-336
-310
-200
-202
-136
-112
-113
-24
-89
-118
-179
-228
-190
-231
-253
-276
-303
-276
-264
-190
-207
-184
-128
-125
-109
-90
-44
-14
-5
19
51
37
51
11
8
25
17
10
-15
15
41
11
71
78
153
696
1557
2110
2026
1342
514
119
360
888
1205
1098
596
143
-51
137
402
543
361
-20
-316
-342
-57
159
216
-17
-212
-189
-32
185
139
-27
-235
-311
-99
89
69
-76
-125
-187
-134
-84
-133
-193
-199
-98
14
86
10
-106
-163
-135
-106
-81
-146
-199
-239
-277
-264
-246
-271
-265
-330
-316
-209
-211
-220
-313
-384
-396
-289
-218
-242
-304
-313
-305
-293
-246
-250
-324
-325
-330
-356
-286
-285
-299
-313
-315
-274
-228
-192
-222
-296
-284
-266
-247
-231
-199
-190
-167
-138
-58
-40
-73
-42
-59
-45
-60
2
-5
-42
-27
-43
-30
-5
-20
-13
12
-31
-13
8
1
-40
-20
19
61
74
52
45
31
25
-42
-39
-37
-6
-39
-53
-26
-9
38
21
-24
-75
-85
-59
-84
-100
-89
-139
-96
-104
-114
-56
-69
-106
-130
-133
-138
-161
-162
-144
-132
-113
-123
-114
-107
-55
-23
-37
-73
-118
-80
-144
-178
-163
-125
-63
-80
-88
-101
-100
-80
-30
-47
-35
-49
-74
-37
-52
-55
-1
-18
-12
4
14
15
6
12
-15
26
10
46
42
51
31
12
8
55
94
48
71
90
108
81
112
110
93
59
82
90
119
177
183
261
270
267
349
334
360
385
347
347
329
367
330
334
368
379
386
388
407
448
424
416
389
380
435
424
458
429
503
503
446
483
460
474
509
529
510
520
500
509
544
539
545
573
564
539
559
514
502
463
469
495
483
463
433
477
529
581
627
590
562
614
570
546
589
574
572
561
543
505
464
489
497
456
431
489
539
534
518
514
526
561
600
651
609
605
635
615
608
594
615
606
647
624
616
598
579
610
636
590
592
622
630
654
656
697
682
725
739
826
882
843
809
752
754
769
767
757
724
645
645
627
612
576
530
557
543
556
483
482
488
469
469
452
447
375
380
449
464
462
470
479
512
486
499
443
433
430
346
363
396
370
365
332
305
348
306
339
384
358
398
450
457
462
470
500
457
399
421
377
358
315
302
322
316
390
444
424
419
406
416
461
443
433
453
433
351
376
381
340
364
326
304
276
355
406
337
298
282
301
197
224
208
172
226
208
200
185
211
204
182
186
197
184
176
183
189
200
230
236
220
249
248
219
249
168
136
168
142
152
161
87
75
99
101
72
112
177
135
142
131
156
186
219
187
204
184
163
168
143
178
212
156
128
124
74
85
42
37
10
52
62
16
37
25
11
-22
18
94
58
69
71
93
144
121
109
77
56
56
14
-24
-22
-50
-49
-27
24
35
51
54
13
41
46
41
84
70
58
15
49
85
117
310
579
813
975
1101
945
803
572
348
273
275
351
413
480
439
342
211
159
110
92
103
159
130
54
53
11
20
33
86
123
117
117
113
49
-13
-70
-136
-120
-89
-5
50
57
37
12
-18
-87
-104
-115
-95
-73
-117
-107
-76
-99
-108
-142
-158
-165
-181
-241
-217
-202
-271
-276
-300
-278
-229
-214
-222
-207
-196
-216
-267
-311
-315
-367
-400
-401
-408
-412
-418
-398
-398
-429
-461
-472
-468
-498
-542
-502
-468
-448
-412
-406
-385
-422
-453
-435
-407
-402
-404
-464
-478
-490
-493
-374
-249
-157
-207
-289
-444
-523
-584
-544
-467
-396
-353
-424
-397
-389
-351
-282
-198
-228
-251
-374
-427
-420
-376
-290
-210
-126
-170
-214
-236
-213
-256
-273
-310
-315
-322
-303
-335
-350
-328
-342
-264
-207
-117
-94
-117
-163
-256
-295
-334
-272
-183
-144
-134
-132
-126
-108
-86
-138
-133
-153
-193
-259
-297
-290
-303
-240
-231
-221
-230
-227
-244
-237
-246
-318
-286
-297
-299
-309
-198
-214
-241
-173
-163
-121
-147
-154
-151
-171
-262
-239
-239
-238
-203
-229
-192
-192
-196
-171
-221
-204
-202
-228
-221
-243
-266
-293
-317
-300
-267
-285
-241
-275
-332
-384
-407
-407
-435
-435
-423
-422
-421
-412
-465
-441
-432
-445
-407
-478
-492
-539
-570
-511
-535
-528
-505
-523
-555
-483
-458
-485
-512
-539
-540
-575
-579
-559
-533
-530
-560
-583
-546
-553
-514
-491
-499
-548
-621
-605
-601
-609
-645
-664
-688
-662
-735
-762
-707
-741
-758
-768
-773
-780
-766
-757
-773
-773
-791
-795
-812
-831
-784
-838
-835
-840
-843
-897
-913
-885
-892
-873
-917
-876
-889
-875
-863
-869
-844
-844
-893
-858
-817
-864
-874
-863
-859
-854
-825
-803
-774
-789
-769
-768
-731
-715
-673
-665
-699
-692
-683
-625
-600
-548
-528
-486
-467
-468
-478
-469
-443
-433
-415
-361
-361
-336
-282
-305
-241
-248
-249
-218
-171
-180
-157
-113
-126
-92
-83
-75
-45
-26
-71
-84
-57
-13
18
48
57
89
100
123
159
226
209
162
228
207
227
277
295
293
301
300
343
341
305
322
369
348
395
415
391
436
379
449
487
443
484
532
580
677
741
742
712
792
817
764
754
678
649
675
612
544
555
466
414
423
408
396
423
387
360
387
364
368
387
357
376
373
332
351
361
335
264
317
291
229
265
273
258
182
189
213
205
211
233
281
258
277
324
373
393
329
363
368
398
433
413
423
405
406
417
372
377
416
383
389
385
390
409
419
450
462
458
420
429
397
378
380
459
539
556
589
558
564
537
583
588
586
498
409
422
431
417
364
279
208
266
333
301
211
193
175
226
227
254
243
176
147
172
196
155
137
112
142
107
101
77
83
93
84
93
63
65
59
75
43
60
106
111
117
92
42
85
69
-26
4
31
-2
20
54
1
39
35
0
-24
-29
-32
-29
-71
-112
-88
-140
-81
-69
-79
-98
-71
-26
-62
-73
-76
-58
-81
-71
-79
-99
-132
-144
-138
-112
-73
-56
-40
-62
-74
-72
-88
-81
-92
-134
-111
-98
-90
-114
-86
-87
-130
-138
-105
-128
-159
-156
-196
-156
-165
-140
-124
-122
-140
-124
-131
-199
-190
-236
-239
-244
-220
-202
-237
-232
-228
-180
-195
-236
-194
-224
-241
-197
-179
-172
-242
-238
-216
-260
-242
-199
-209
-207
-220
-193
-192
-182
-110
-144
-162
-150
-118
-116
-90
-84
-88
-90
-71
-64
-71
-52
-42
-26
-1
14
0
46
57
81
40
42
100
88
103
125
162
151
166
174
213
174
180
183
198
222
158
200
223
257
255
268
265
258
261
308
288
285
304
287
360
344
279
263
268
298
288
256
253
232
238
259
268
275
303
262
322
287
252
243
233
287
204
225
193
209
237
235
239
237
255
188
204
216
164
153
190
218
255
257
231
233
237
251
201
149
138
181
173
134
156
137
130
134
159
174
175
155
151
153
115
105
151
179
131
101
115
115
133
144
125
130
150
171
141
163
187
156
153
193
199
167
180
190
174
172
198
205
229
253
222
212
219
260
274
203
182
201
208
232
245
183
183
187
153
172
178
159
121
145
170
192
165
169
148
118
130
132
133
106
127
133
170
186
190
181
183
138
99
94
75
30
39
36
44
76
65
93
69
53
48
143
137
82
129
134
55
58
67
67
48
27
52
21
46
55
53
44
44
25
17
22
31
17
16
32
6
5
3
62
68
23
15
56
46
-5
14
-20
6
-14
6
-17
-33
-28
-78
-58
-65
-42
-100
-97
-106
-107
-99
-64
-88
-69
-25
-66
-80
-103
-63
-75
-81
-106
-122
-113
-89
-88
-92
-95
-70
-85
-92
-63
-89
-64
-32
-31
-15
-6
-60
-51
-34
-51
-59
-21
-44
-37
-22
-40
-80
-140
-110
-87
-62
-87
-113
-146
-99
-104
-126
-129
-122
-116
-113
-88
-117
-119
-151
-119
-112
-142
-178
-159
-177
-219
-184
-211
-243
-240
-256
-264
-271
-284
-243
-274
-244
-229
-223
-175
-185
-153
-147
-158
-142
-118
-120
-107
-118
-90
-117
-136
-119
-107
-94
-100
-84
-102
-126
-83
-82
-120
-56
-84
-27
-24
-72
-38
-29
-12
-42
-106
-68
-31
-56
-52
-110
-90
-58
-32
-45
-93
-92
-75
-45
-18
-12
-57
-71
-36
27
24
3
19
30
32
15
-3
6
24
-25
-16
2
4
35
47
42
28
17
39
60
45
70
36
-11
-8
-15
22
-8
7
17
-19
52
47
28
30
13
45
48
46
52
37
53
36
41
51
42
8
-48
6
12
-2
21
42
28
32
57
60
48
62
66
51
66
51
135
144
158
188
151
167
153
65
50
106
120
139
80
113
79
58
92
116
143
120
124
117
86
71
101
84
93
91
49
38
47
36
115
92
87
67
55
97
81
118
58
66
75
77
49
32
0
11
34
-17
-45
-75
-12
-24
23
-11
-53
-55
-33
9
-42
-23
-19
-21
-52
8
25
14
0
15
35
64
53
20
22
1
28
38
73
25
44
59
76
83
69
86
75
82
106
108
74
78
101
106
114
90
53
84
56
50
59
70
37
4
44
43
64
34
29
17
-21
-19
14
-35
-70
-3
-62
-119
-143
-122
-139
-147
-148
-126
-75
-100
-121
-135
-131
-131
-126
-149
-113
-106
-95
-79
-121
-102
-74
-96
-61
-59
-113
-97
-68
-96
-66
7
-68
-79
-24
-80
-49
-13
-47
-20
-7
-38
-4
35
-84
-104
-37
-86
-129
-73
-132
-135
-83
-106
-78
-44
-96
-163
-62
-86
-112
-83
-120
-180
-177
-130
-149
-125
-110
-116
-73
-88
-135
-125
-134
-129
-179
-185
-187
-198
-197
-161
-121
-193
-159
-135
-143
-121
-130
-176
-152
-196
-206
-174
-166
-206
-202
-182
-201
-131
-143
-127
-148
-124
-120
-162
-177
-125
-97
-97
-95
-113
-117
-119
-85
-55
-39
-8
8
-21
-36
-48
-41
-27
6
-24
40
48
62
112
98
102
135
76
68
81
46
108
115
160
114
100
135
112
109
175
140
123
151
175
161
140
199
187
209
203
217
221
239
236
239
240
256
233
211
224
172
205
250
215
225
231
193
218
204
237
195
170
178
180
180
196
179
182
183
175
195
214
233
215
212
230
543
460
473
510
496
1387
1415
767
786
582
340
224
145
207
160
274
314
390
378
60
128
306
165
61
42
-222
-336
-306
-583
-555
-613
-795
-650
-515
-569
-397
-20
-66
-356
-436
-584
-975
-931
-830
-790
-518
-458
-478
-379
-519
-454
-169
34
439
478
70
-309
-651
-917
-1060
-1080
-1263
-1382
-1317
-1415
-1467
-1416
-1394
-1412
-1372
-1629
-1750
-1632
-1912
-1800
-1452
-1647
-1552
-1167
-1197
-1096
-683
-316
-17
59
-26
-102
-33
-285
-669
-756
-941
-971
-732
-624
-435
-238
-473
-562
-592
-706
-703
-790
-1041
-1195
-1014
-372
386
697
534
463
445
139
-104
-165
-144
-110
-12
58
163
217
256
252
275
88
-141
-256
-483
-556
-545
-514
-280
88
194
482
700
585
523
446
225
108
131
151
196
448
747
967
1182
1160
1170
1069
813
554
340
168
185
376
594
880
1135
1279
1274
1080
772
405
89
-77
-123
13
280
471
476
489
407
308
120
-82
-172
-283
-350
-413
-458
-484
-594
-712
-820
-1039
-1176
-1222
-1209
-1172
-1072
-923
-726
-454
-131
293
917
1644
2440
3275
3942
4423
4626
4684
4679
4652
4679
4928
5364
5724
5955
6048
5902
5553
5122
4614
4156
3850
3494
3283
3132
2835
2643
2322
1952
1558
1249
1067
929
1012
1052
1179
1270
1285
1264
1100
872
588
336
-127
-468
-767
-1069
-1212
-1356
-1549
-1832
-2194
-2709
-3343
-4001
-4624
-5130
-5488
-5796
-5944
-6164
-6379
-6645
-7090
-7619
-8171
-8684
-9056
-9211
-9257
-9248
-9097
-8822
-8538
-8035
-7431
-6610
-5509
-4229
-2676
-908
1079
3404
5933
8243
9937
10717
10672
10121
9394
8912
8910
9377
10142
10860
11128
10547
8939
6635
4186
2144
825
319
443
659
697
243
-757
-2145
-3686
-4834
-5322
-5027
-4170
-3000
-1908
-1039
-484
-244
-53
130
473
1091
2024
3131
4216
5097
5768
6083
6194
6120
5837
5371
4861
4458
4088
3820
3536
3149
2637
1908
968
8
-825
-1215
-792
653
2855
5271
7006
7361
6001
3348
459
-1665
-2304
-1262
1090
3669
5476
5629
3972
1066
-2013
-4136
-4527
-3204
-1060
1114
2250
1834
54
-2477
-4909
-6595
-7169
-6790
-5884
-5047
-4728
-5107
-5921
-6939
-7916
-8597
-9173
-9796
-10579
-11396
-12015
-12314
-12209
-11872
-11444
-11235
-11500
-12049
-12306
-11145
-7409
-873
7106
13918
17137
16233
12402
7793
4670
4252
6694
10954
15345
18218
18102
14446
8309
1915
-2503
-3957
-3284
-1801
-756
-935
-2135
-3950
-5906
-7802
-9393
-10124
-9750
-8527
-6977
-5310
-3313
-1032
1269
3085
3755
3253
2239
1927
3052
5311
8004
10379
11751
11750
10383
7940
5105
2633
1309
1398
2170
2764
2411
1153
-289
-1002
-391
1186
2625
2688
1312
-594
-2097
-2546
-1806
-372
1073
2005
2159
1606
563
-509
-861
-193
1064
2044
2441
2238
1656
1016
258
-760
-2170
-3837
-5268
-6063
-6456
-6846
-7602
-8623
-9561
-10141
-10128
-9772
-9368
-8942
-8473
-7942
-7428
-6841
-6048
-5042
-4068
-3477
-3448
-3901
-4169
-3716
-2566
-1361
-491
427
1847
3634
5081
5675
5521
5036
4572
4319
3959
3453
2976
2723
2758
2441
1557
330
-667
-1198
-1493
-1682
-1812
-1748
-1290
-401
461
1060
1313
1565
2034
2724
3682
4623
5436
6077
6538
6751
6658
6186
5541
4977
4623
4393
4188
3853
3449
3059
2863
2818
2740
2958
3029
2905
2351
1615
1061
798
848
552
-119
-1154
-2276
-3305
-4304
-5560
-6757
-7358
-7189
-6638
-6465
-6918
-7878
-9127
-10475
-11640
-12476
-12740
-12663
-12717
-13356
-14641
-15973
-16856
-17082
-16690
-15384
-12907
-9521
-5859
-2627
78
2874
6511
11540
17669
22766
24228
21761
17953
15021
13034
10941
8228
5262
2249
-753
-3506
-6252
-9281
-11932
-13550
-14058
-13498
-11686
-8469
-4750
-1865
266
2285
4563
6988
9409
11535
13088
14138
14902
15086
14158
12168
9577
6537
3075
-216
-2764
-4328
-5463
-6383
-7206
-7897
-8270
-8196
-7467
-6393
-4873
-2724
-3
2884
5348
7446
9062
10092
10566
10752
10909
10877
10479
9467
8046
6168
4250
4107
7031
11615
13688
10147
3551
-1630
-3514
-3473
-3423
-3040
-2282
-858
443
418
-662
-2085
-2898
-2975
-2072
250
3760
6437
6076
3186
67
-1982
-3152
-4396
-5934
-6765
-6571
-5754
-5750
-7186
-9510
-11375
-12180
-12306
-11402
-9831
-7527
-5770
-5055
-4488
-3782
-2700
-1956
-1460
-1280
-821
390
1972
3311
3806
4417
5477
6170
5625
4405
3555
3181
2691
1876
1087
458
-171
-1253
-2671
-3954
-4274
-3746
-3185
-2785
-2187
-1009
60
634
942
1293
1909
2650
3591
4699
6094
7542
8338
8175
7693
7602
7513
6555
5125
4071
3469
3159
2811
2461
1949
1441
1302
1568
2376
3732
5634
7655
9417
10577
10514
9070
7042
5581
4811
4193
3435
2583
1312
-681
-3158
-5412
-7124
-8040
-8238
-7950
-7471
-7318
-7637
-8720
-10059
-10963
-10934
-10513
-9895
-9002
-8535
-8923
-10364
-12221
-14032
-15600
-16132
-15546
-14192
-12189
-9508
-6304
-3571
-1678
236
2660
5649
9725
15552
21584
23641
20421
15115
11084
8083
4648
1077
-1521
-3200
-4729
-6271
-7978
-9582
-10992
-11968
-11905
-9646
-4828
310
3762
6009
8039
9606
10398
10946
11548
11738
11331
10722
9699
7849
5063
1556
-2460
-5995
-7929
-8650
-8949
-8693
-7535
-6274
-5404
-4261
-2345
-408
1503
3813
6468
8830
10515
11460
11082
9886
8470
7087
5885
5449
5931
6163
5398
3702
1805
587
844
1903
2392
1903
1196
1097
1148
1203
1149
828
540
703
1414
2080
2281
2060
1258
373
89
209
250
-201
-1269
-2469
-3208
-3571
-4411
-5824
-7025
-7630
-7705
-7642
-7450
-7405
-7351
-7044
-6234
-5017
-3948
-3264
-3039
-2816
-2337
-1774
-1665
-2174
-2765
-3320
-3796
-3824
-3751
-4058
-4822
-5373
-5567
-5559
-4940
-3537
-1654
164
1746
2968
3668
4093
4439
4663
4988
5362
5402
4885
4127
3267
2113
751
-459
-1197
-1423
-1323
-942
-453
-60
113
238
714
1587
2865
4143
5287
6293
6882
7064
6910
6695
6462
6460
6935
7524
7712
7091
5712
4268
3555
3690
4695
6184
7276
7299
6443
5227
3876
2611
1586
1044
1107
1393
1407
615
-929
-2529
-3545
-3825
-3405
-2664
-2355
-3008
-4749
-6704
-8226
-9355
-10851
-12763
-14250
-14545
-13686
-12833
-13263
-14770
-15924
-16437
-16309
-15266
-13638
-11601
-8436
-3803
792
3819
5252
5936
7215
10451
16100
21916
23536
19375
12775
7242
3018
-1051
-4780
-7462
-8884
-9169
-8930
-8810
-9017
-9745
-10323
-8869
-4404
1605
6972
10374
12124
12844
12996
12595
11610
9989
8268
6740
5433
3941
1484
-2112
-6158
-9228
-10713
-10438
-9468
-7660
-6145
-3694
-2002
-350
2672
4481
5809
7789
9312
10413
11439
10608
9025
6900
5060
2444
128
-1414
-2644
-3805
-4212
-3370
-2282
-694
353
1658
4339
7645
9861
9829
8795
8261
7568
6482
5306
3953
2358
928
-610
-1651
-2506
-3359
-4420
-4878
-3926
-2530
-1349
-752
-609
-1071
-1381
-1559
-1868
-2447
-2983
-3144
-3130
-3362
-4558
-6408
-7899
-8354
-8108
-7408
-6337
-5544
-5047
-4413
-3827
-3706
-4197
-4793
-4831
-4486
-3792
-3124
-2808
-2861
-3342
-4011
-4772
-5465
-6099
-6336
-5653
-3721
-964
1596
3183
4034
4581
5033
5302
5405
5547
5526
5098
4281
3260
2021
528
-1150
-2645
-3500
-3527
-3170
-2666
-2090
-1403
-579
447
1777
3192
4428
5592
6795
7809
8319
8234
7868
7197
6296
5248
4263
3667
3490
3233
2484
1687
1395
1960
3294
4745
5912
6751
6833
6057
4864
3631
2359
1166
537
373
351
27
-996
-2455
-3797
-4774
-5318
-5562
-5695
-5784
-5978
-6616
-7791
-9501
-11328
-12723
-13609
-14021
-14452
-14965
-15303
-15062
-14253
-13663
-13346
-12554
-10022
-5780
-1577
1482
3655
5536
7038
8434
10821
15056
18932
18625
13839
8264
4106
164
-3753
-6647
-8204
-8829
-8971
-8792
-8447
-8205
-8149
-7403
-4755
-151
4844
8674
11023
12045
12099
11409
10356
9020
7190
5012
3046
1465
-457
-3145
-6237
-8791
-10151
-10300
-9552
-7951
-5868
-3735
-1540
781
3110
4999
6395
7463
8246
8883
9173
8648
7295
5399
3182
953
-1048
-2715
-4148
-5185
-5598
-5647
-5324
-4631
-3700
-2381
-265
2706
5868
9001
12697
15936
16765
15105
12612
10229
7555
4889
2591
696
-1076
-2901
-4909
-6580
-7408
-7646
-7165
-5388
-2413
483
2495
3521
3836
3790
3522
2973
2521
2095
1478
675
-355
-1946
-4109
-6005
-6893
-6905
-6713
-6669
-6783
-6558
-6039
-5307
-4400
-3336
-2261
-1332
-443
197
605
633
54
-594
-979
-1280
-2019
-3398
-4912
-6210
-6945
-6901
-6086
-4416
-2058
494
2798
4686
6217
7207
7725
8003
8047
7726
6953
5783
4239
2519
908
-712
-2258
-3374
-3910
-3987
-3554
-2598
-1506
-331
1073
2553
3950
5347
6730
7762
8250
8477
8571
8284
7663
6679
5603
4656
3400
1858
743
533
575
681
1409
3001
4823
6147
6724
6628
5989
4803
3507
2422
1712
1144
405
-590
-1903
-3405
-4832
-5965
-6843
-7477
-7607
-7352
-7036
-7058
-7496
-8047
-8299
-8268
-8214
-8086
-8043
-8155
-8599
-9452
-10164
-10956
-12345
-13815
-14347
-12993
-9840
-5912
-2689
-689
844
2715
5068
8321
12804
16906
17867
15201
11189
7368
3624
-100
-3276
-5442
-6317
-6391
-6580
-7394
-8329
-8821
-8245
-5945
-1877
2716
6420
8878
10147
10632
10454
9772
8723
7533
6386
5220
3930
2085
-783
-4305
-7063
-8288
-8302
-7591
-6328
-4610
-2842
-1104
593
2326
3961
5384
6569
7792
8874
9163
8348
6637
4750
2943
1353
1
-1226
-2414
-3382
-4156
-4666
-4757
-4219
-3263
-1696
984
4064
6568
9119
12017
13653
13582
12626
10858
8391
6113
4146
1981
-191
-2262
-4375
-5898
-6714
-7049
-6726
-5447
-3452
-1257
616
1882
2519
2778
2999
3127
3048
2442
1480
237
-1075
-2463
-4034
-5643
-7099
-7811
-7615
-6954
-6416
-6173
-5985
-5303
-4067
-2809
-2004
-1615
-1165
-712
-486
-716
-1344
-2323
-3493
-4482
-5296
-5836
-6426
-7131
-7514
-6913
-5083
-2395
130
1967
3522
5111
6680
7764
8333
8210
7483
6418
5390
4213
2550
601
-1400
-3027
-3987
-4200
-3981
-3661
-3263
-2412
-1047
681
2478
3996
5359
6730
8007
8848
8797
8182
7376
6479
5601
4616
3649
2901
2511
2112
1348
538
329
871
2205
4125
5939
7129
7976
8322
7739
6370
4735
3260
2224
1742
1167
300
-1065
-2685
-4154
-5050
-5363
-5448
-5588
-5825
-5805
-5560
-5665
-6589
-8024
-9272
-9632
-9104
-8476
-8512
-9474
-10936
-11955
-12498
-12340
-11586
-10558
-8906
-6526
-3729
-1615
-373
335
1181
3117
5934
9588
13924
16717
15376
10960
6758
3599
535
-2145
-3671
-4223
-4324
-4477
-5026
-5980
-6888
-7120
-5803
-2458
1871
5620
7999
9163
9471
8918
7992
7038
6179
5231
4154
3222
2108
270
-2502
-5186
-6721
-7094
-6686
-5478
-3988
-2653
-1307
119
1538
2833
4079
5049
5805
6580
7039
6804
5938
4411
2518
824
-358
-1184
-2082
-2898
-3504
-3690
-3368
-2903
-2367
-1631
-629
663
2109
3582
5719
8375
10382
11426
12193
12614
11546
8844
5457
2362
323
-974
-2254
-3604
-5058
-6447
-7259
-7198
-6379
-4983
-3097
-747
1701
3689
4702
4676
4086
3167
2208
1617
1010
-251
-2196
-4360
-6304
-7686
-8887
-10039
-10191
-8856
-6854
-5646
-5175
-4736
-4203
-3304
-2098
-1109
-551
-410
-475
-746
-1507
-2896
-4701
-6388
-7512
-7777
-7487
-7247
-7072
-6829
-6157
-4379
-1392
1751
4088
5828
7129
8032
8495
8120
6989
5667
4536
3629
2663
1249
-852
-3108
-4771
-5588
-5435
-4822
-4045
-2792
-1245
445
2016
3483
4803
5836
6797
7719
8372
8557
8153
7227
6200
4854
3352
2101
1060
338
14
165
632
972
1373
2401
4296
5979
6941
7604
7882
7586
6574
5248
3696
2214
907
-220
-1123
-2156
-3519
-4769
-5514
-5816
-5917
-6019
-5968
-5681
-5210
-4959
-5105
-5722
-6799
-7811
-8377
-8598
-8733
-9071
-9492
-9927
-10414
-10974
-11685
-12269
-12617
-12438
-11260
-9065
-6478
-4113
-1899
91
2167
4325
6502
9854
13847
15527
13964
11392
8923
5817
2372
-368
-2436
-3951
-5114
-6049
-6654
-7202
-7743
-7573
-5651
-2621
364
2966
5092
6729
7747
8211
8210
7998
7504
6749
6007
4923
3034
457
-2205
-4357
-5652
-6075
-5958
-5744
-5461
-4897
-3905
-2578
-1206
206
1769
3336
4907
6383
7097
6643
5489
4525
3916
3215
2348
1294
182
-839
-1908
-2925
-3713
-4218
-4205
-3458
-2071
-92
2276
4955
7571
9243
9727
9913
10309
10081
8895
7304
5493
3580
1639
-480
-2556
-4415
-5839
-6349
-5814
-4697
-3713
-2892
-1896
-727
526
1530
2223
2493
2170
1548
788
-10
-932
-2223
-3805
-5355
-6518
-7414
-8258
-8910
-9107
-8418
-7001
-5678
-4774
-3947
-3173
-2591
-2103
-1670
-1403
-1341
-1416
-1519
-1672
-2166
-3040
-3900
-4605
-5145
-5549
-5646
-5350
-4986
-4718
-4631
-4542
-4244
-3279
-1611
268
1784
2679
3117
3359
3554
3548
3460
3305
3142
3045
2799
1899
432
-887
-1703
-1892
-1643
-1120
-600
-172
266
532
728
1091
1777
2801
4016
5058
5753
5998
5748
5343
5023
4743
4388
4042
3676
3379
3064
2624
2413
2768
3487
3890
3770
3461
3392
3382
3107
2570
1855
1169
716
573
301
-318
-1088
-1660
-1805
-2058
-2736
-3620
-4314
-4788
-5097
-5287
-5493
-5960
-6741
-7407
-7754
-8054
-8716
-9476
-9707
-9269
-8793
-8555
-8495
-8496
-8781
-9293
-9554
-9502
-9226
-8479
-6796
-4643
-3160
-2634
-1886
-679
629
2019
3457
5279
7728
9831
10179
8968
7395
5641
3929
2857
2107
1125
-107
-1013
-1739
-2545
-3721
-4737
-4716
-3582
-1856
-146
1333
2262
2852
3347
4003
4673
4863
4594
4610
4863
4728
4093
3026
1804
710
-106
-645
-775
-850
-1112
-1115
-884
-783
-665
-232
440
1084
1697
2347
2850
3297
3646
3776
3793
3795
3770
3749
4141
4812
5489
6046
6042
5249
4293
3917
3865
4253
5573
6858
7043
6118
4610
3152
1886
781
89
43
359
582
798
642
-278
-1314
-1934
-1595
-464
685
1380
1705
1604
752
-449
-1593
-2548
-3124
-3133
-3175
-3520
-4484
-5858
-6834
-7351
-7366
-6892
-6149
-5753
-5626
-5679
-5991
-6256
-6260
-5968
-5459
-5003
-4938
-5094
-5391
-5777
-5922
-6072
-6250
-5876
-4597
-3097
-1764
341
3695
6989
8521
8907
9085
8664
7589
7082
6909
6375
5659
4751
3727
2195
-17
-2443
-3846
-4196
-4072
-3342
-2232
-1368
-870
-519
-218
154
636
1453
2966
4542
5286
5509
5722
5548
4862
4211
3756
3489
3194
2810
2538
2089
1076
124
-331
-430
-512
-387
-7
430
766
919
1961
3506
4487
5140
6443
8014
8922
9463
9758
9252
7993
6438
5257
4610
3376
1820
619
-432
-1562
-2621
-3254
-3708
-4100
-4047
-3457
-2621
-2180
-1919
-1348
-742
-443
-351
-309
-419
-641
-894
-1195
-1620
-2340
-3195
-3606
-3893
-4566
-5510
-6260
-6723
-7131
-7420
-7295
-6979
-7093
-7459
-7733
-7796
-7865
-8176
-8274
-7775
-7083
-6535
-5711
-4267
-2742
-1669
351
4007
7062
8173
8431
9143
9381
8869
8830
8977
8644
7742
6790
5830
4198
1847
-189
-1206
-1726
-2324
-2687
-2631
-2718
-3057
-3181
-2758
-2335
-2148
-1367
163
1736
2649
3217
3751
4096
4348
4549
4902
4895
4518
4363
4542
4409
3606
2667
2055
1661
1178
1007
933
691
827
1709
2527
2715
2456
2372
2779
3329
4032
4643
5188
5466
5230
5007
4756
3883
3090
2748
2606
2637
2246
1527
920
79
-756
-1037
-1312
-1686
-1870
-1817
-1554
-1611
-2252
-2884
-3179
-3345
-3330
-3107
-2956
-3186
-3806
-4272
-4455
-4495
-4417
-4276
-3919
-3699
-3733
-3800
-4036
-4353
-4608
-4710
-4742
-4875
-5219
-5655
-5958
-6294
-6660
-6879
-6801
-6444
-5717
-4657
-3366
-1568
660
2752
4185
4866
5493
6164
6585
7156
7903
8519
8819
8774
8337
7561
6337
4937
4055
3707
3261
2518
1776
997
126
-780
-1442
-1908
-2383
-2615
-2291
-1671
-1320
-1268
-1247
-1059
-864
-512
118
835
1454
2115
2824
3301
3371
3252
3406
3619
3903
4160
4373
4478
4317
4434
4638
4572
4226
3900
3855
3949
4153
4288
4243
3839
3066
2343
1812
1115
573
421
543
675
463
29
-624
-1135
-1381
-1117
-586
-449
-493
-616
-815
-1058
-1263
-1437
-1572
-1617
-1671
-1696
-1912
-2458
-3045
-3341
-3487
-3678
-3784
-3843
-3847
-3846
-3761
-3659
-3726
-4043
-4316
-4398
-4341
-4396
-4577
-4719
-4909
-5075
-5298
-5446
-5565
-5509
-5030
-4134
-3225
-2415
-1301
13
1069
1886
2680
3432
3998
4604
5412
6113
6546
6565
6530
6456
6070
5446
4936
4657
4398
4048
3725
3225
2254
1440
690
286
-123
-832
-767
-933
-1193
-1037
-1559
-1778
-1924
-2288
-1741
-1396
-1165
-715
-418
-55
164
367
713
1076
1612
2043
2595
3042
3022
3281
3685
4259
4839
5049
5093
5112
4995
4741
4419
4063
3565
3258
3056
2589
2025
1242
478
84
-295
-695
-909
-1204
-1451
-1597
-1771
-1942
-2137
-2236
-2239
-2082
-2044
-2221
-2274
-2329
-2236
-2048
-2067
-2245
-2508
-2763
-2951
-3044
-3143
-3157
-3086
-2975
-2884
-2924
-3106
-3346
-3429
-3507
-3379
-3340
-3484
-3711
-3954
-4204
-4549
-4683
-5001
-5191
-5136
-5095
-5073
-5118
-4983
-4746
-4300
-3695
-3008
-2249
-1428
-588
113
654
1025
1504
1940
2423
2899
3341
3736
3946
4023
3962
3877
3700
3568
3343
3214
3192
3039
2709
2265
1816
1274
791
420
99
-194
-366
-532
-773
-1048
-1401
-1464
-1424
-1378
-1233
-1077
-806
-713
-618
-479
-292
-6
278
598
876
1202
1531
1896
2131
2437
2721
3053
3494
3701
3930
3899
3863
3651
3340
3009
2607
2303
1922
1565
1222
882
351
-93
-550
-918
-1227
-1467
-1547
-1681
-1790
-1954
-2078
-2264
-2545
-2581
-2516
-2460
-2458
-2575
-2750
-2762
-2815
-3048
-3143
-3306
-3126
-2942
-2890
-2912
-2896
-2869
-2970
-3099
-3168
-3004
-2962
-2930
-3040
-3030
-3162
-3420
-3651
-3774
-3712
-3871
-3959
-3961
-4098
-4040
-3874
-3604
-3209
-2904
-2304
-1635
-1070
-571
-192
115
446
817
1337
1874
2367
2761
3031
3217
3295
3305
3208
3314
3443
3620
3792
3758
3614
3235
2917
2657
2354
2103
1915
1798
1668
1471
1139
778
347
-14
-133
-190
-211
-204
-213
-192
-250
-320
-412
-382
-214
82
481
827
1284
1600
1745
1793
1862
2084
2352
2750
3139
3313
3332
3164
2891
2513
2125
1887
1733
1691
1655
1464
1083
493
10
-432
-772
-953
-1226
-1245
-1285
-1373
-1598
-2032
-2428
-2781
-2812
-2633
-2384
-2323
-2392
-2622
-2875
-3040
-3149
-3103
-3104
-3043
-2860
-2613
-2583
-2657
-2676
-2591
-2495
-2465
-2445
-2361
-2331
-2401
-2558
-2735
-2932
-3079
-3070
-3200
-3314
-3479
-3605
-3457
-3299
-3075
-2737
-2405
-1942
-1471
-940
-563
-339
23
412
814
1198
1488
1858
2223
2468
2631
2790
2959
2996
3184
3264
3313
3325
3276
3247
3155
2984
2761
2565
2294
2122
1920
1732
1519
1241
994
709
464
287
80
-29
-201
-305
-326
-392
-451
-462
-450
-389
-283
-177
120
418
793
1105
1395
1507
1535
1634
1875
2135
2381
2711
2857
2940
2756
2530
2307
2025
1867
1810
1801
1630
1392
1047
574
60
-414
-739
-967
-1138
-1289
-1376
-1661
-1951
-2226
-2487
-2777
-3049
-2999
-2730
-2677
-2768
-2821
-2978
-3088
-3080
-3067
-3190
-2798
-2397
-2231
-2240
-2301
-2281
-2376
-2267
-2282
-2258
-2334
-2223
-2265
-2606
-2834
-3184
-3374
-3521
-3230
-2881
-2625
-2378
-2175
-2060
-1803
-1251
-942
-380
170
676
1175
1563
1866
2020
2431
2732
2962
3217
3409
3499
3574
3768
3715
3721
3640
3582
3607
3572
3397
3147
2869
2457
2264
1998
1705
1438
1216
970
787
517
150
-18
-206
-270
-310
-184
-221
-356
-370
-438
-462
-486
-318
-139
262
736
1054
1309
1719
1991
2288
2721
3024
3341
3587
3944
4015
3961
3662
3287
3099
2850
2602
2287
1975
1492
1001
585
171
-242
-645
-998
-1324
-1707
-2234
-2498
-2799
-3051
-3026
-3106
-3099
-3055
-2954
-2831
-2553
-2609
-2786
-2581
-2459
-2107
-1720
-1704
-1735
-1506
-1239
-1155
-1223
-1300
-1283
-1373
-1631
-1961
-2234
-2672
-2933
-2925
-3304
-3374
-3127
-3048
-2930
-2663
-2425
-2188
-1604
-1096
-567
-4
355
863
1239
1616
2068
2477
2925
3301
3671
3852
4014
4086
4175
4188
4164
4171
4079
4033
3950
3899
3652
3397
3141
2897
2632
2422
2140
1682
1301
876
573
266
-35
-288
-414
-579
-662
-695
-845
-879
-910
-812
-717
-555
-412
-3
398
739
1198
1454
1776
2063
2652
3060
3234
3370
3471
3741
3747
3674
3555
3373
3115
2899
2649
2189
1593
1141
727
176
-298
-866
-1332
-1772
-2094
-2351
-2798
-3307
-3788
-3946
-4123
-4264
-4053
-3754
-3501
-3165
-2936
-2795
-2631
-2728
-2550
-2261
-1879
-1697
-1876
-1844
-1951
-1914
-1757
-1877
-1935
-1983
-2244
-2413
-2757
-2968
-2958
-3294
-3498
-3504
-3481
-3235
-3003
-2826
-2286
-1613
-1107
-559
-160
187
663
1103
1575
2093
2502
2963
3468
3854
4127
4368
4527
4591
4664
4775
4863
4776
4687
4504
4328
3970
3528
3130
2733
2324
1931
1550
1050
679
245
-119
-485
-808
-1101
-1295
-1389
-1491
-1455
-1416
-1336
-1221
-969
-656
-428
-106
456
1029
1384
1718
2181
2525
2799
3245
3752
3973
3985
4089
4175
3932
3654
3539
3342
3080
2737
2451
1988
1290
612
73
-409
-935
-1406
-1805
-2172
-2607
-2983
-3403
-3809
-4195
-4419
-4450
-4666
-4723
-4649
-4850
-4710
-4479
-4313
-3879
-3592
-3411
-3250
-3173
-3528
-3572
-3454
-3536
-3569
-3494
-3471
-3728
-3813
-4009
-4368
-4574
-4437
-4264
-3869
-3529
-3215
-2631
-2073
-1394
-554
67
458
1140
1853
2322
2798
3330
3810
4318
4802
5166
5316
5377
5462
5687
5819
5747
5574
5380
5166
4799
4418
3918
3394
2884
2489
2104
1622
1085
559
88
-337
-713
-1051
-1266
-1401
-1445
-1481
-1502
-1556
-1526
-1345
-1102
-856
-554
-217
180
555
1014
1654
2286
2797
3326
3910
4273
4526
4694
4940
5012
4940
4988
4854
4469
3985
3457
2970
2397
1814
1440
927
366
-206
-727
-1220
-1813
-2162
-2436
-2734
-3038
-3299
-3440
-3730
-3852
-3947
-3914
-3943
-4033
-3867
-3828
-3871
-4015
-3881
-3639
-3402
-3295
-3027
-2809
-2787
-2598
-2781
-2837
-2804
-2835
-2908
-3190
-3619
-3724
-3819
-4308
-4602
-4953
-5106
-5089
-4874
-4307
-3728
-3279
-2590
-1535
-887
-590
-5
902
1415
1969
2781
3391
3890
4249
4810
5300
5323
5366
5753
6008
5845
5865
5817
5487
5057
4701
4388
3830
3135
2704
2369
1664
1129
648
134
-408
-836
-1048
-1319
-1734
-1936
-1846
-1912
-2010
-1953
-1713
-1505
-1301
-861
-418
-110
240
747
1352
1978
2469
3197
4267
5429
6157
6231
6175
5971
5931
5799
5695
5373
4823
4415
3864
3010
1826
796
76
-393
-821
-1310
-2047
-2817
-3498
-4019
-4446
-5010
-5264
-5268
-5180
-5270
-5522
-5800
-6150
-6114
-5900
-5631
-5632
-5800
-5829
-5773
-5745
-5797
-5775
-5717
-5611
-5496
-5315
-5493
-5991
-6464
-6649
-6331
-5672
-5228
-4828
-4366
-4081
-3478
-2483
-1382
-383
444
1218
2248
2981
3247
3629
4314
4909
5460
6339
6722
6560
6431
6465
6505
6288
5924
5649
5422
4901
4291
3694
2764
1778
1233
933
359
-187
-735
-1295
-1761
-2218
-2574
-2787
-2843
-2856
-2514
-2216
-2185
-2080
-1658
-1239
-808
-226
298
756
1286
1766
2212
2421
2759
3943
4917
6040
6350
5858
6045
6101
5647
5873
6783
6124
5458
6042
4978
3184
3140
2426
995
969
747
-446
-655
-540
-1654
-1889
-1767
-2608
-2571
-2113
-2580
-3050
-2792
-2976
-3374
-2850
-2729
-2957
-2919
-3009
-3232
-3388
-3417
-3648
-3512
-3354
-3583
-3804
-4117
-4394
-4491
-4615
-4690
-4827
-5094
-5456
-5886
-6274
-6875
-7269
-7587
-7898
-7845
-7878
-7678
-6903
-5514
-3925
-2528
-1441
-867
128
1237
2178
3258
4295
5215
5940
6756
7084
6836
6625
6682
6891
6982
6931
6687
6195
5494
4621
3458
2428
1765
1250
1107
883
172
-588
-913
-1178
-1300
-993
-944
-910
-577
-210
-55
144
445
797
1582
2325
2843
3349
3747
4064
4399
4715
4917
5303
5780
6097
6239
5998
5524
5065
4783
4443
3975
3415
2736
2251
1630
984
370
-219
-415
-342
-214
-240
-215
-255
-347
-183
-152
-190
-74
135
335
418
296
-190
-703
-1072
-1454
-1769
-2194
-2670
-3182
-3705
-4352
-5088
-5848
-6727
-7246
-7639
-8132
-8971
-9845
-10507
-11166
-11527
-11785
-11834
-11529
-10724
-9827
-9014
-8050
-6603
-4370
-2177
-485
728
1935
3046
3822
4619
5500
6174
6622
7199
7497
7137
6438
5971
5595
5094
4667
4276
3700
2998
2417
1718
981
496
220
281
541
677
544
398
553
761
1073
1526
1974
2352
2807
3199
3277
3271
3295
3431
3628
3788
3579
3172
2813
2310
1734
1385
1238
1090
1013
1030
1037
787
399
204
261
323
500
800
923
906
1034
1202
1246
1385
1715
2229
2649
2973
3211
3341
3424
3464
3582
3565
3410
3180
2884
2620
2080
1390
751
51
-770
-1535
-2188
-2912
-3566
-4041
-4550
-5281
-5763
-6049
-6373
-6685
-6980
-7380
-7697
-8031
-8391
-8867
-9494
-9767
-9960
-10031
-10028
-9941
-10137
-9985
-9295
-8519
-7510
-5871
-3572
-2012
-1210
-223
853
1455
1924
2958
3986
4386
4800
5296
5315
4873
4579
4513
4407
4315
4347
4392
4264
3893
3375
3008
2816
2680
2759
3040
3154
3008
2954
3011
2877
2823
3080
3359
3463
3477
3509
3429
3154
2871
2710
2555
2416
2268
2032
1756
1199
771
623
681
523
403
848
1135
983
791
866
776
698
1121
1578
1675
1657
1899
2043
1924
1910
2093
2398
2718
3098
3291
3344
3160
3032
3065
2949
2831
2707
2666
2387
1821
1178
517
-81
-634
-1071
-1553
-2079
-2628
-3164
-3800
-4524
-5143
-5611
-5976
-6256
-6404
-6770
-7232
-7802
-8370
-8906
-9416
-9732
-9989
-10189
-10362
-10368
-10066
-9525
-8907
-8182
-7143
-5660
-3901
-2280
-1127
-254
589
1360
2013
2947
3980
4642
5125
5487
5493
5143
5029
5152
5211
5282
5342
5290
5110
4839
4436
4139
3871
3772
3955
4103
4155
3999
3850
3727
3532
3465
3557
3702
3668
3588
3545
3299
2950
2700
2615
2390
2212
2051
1701
1260
784
346
-63
-106
-56
-56
-131
-113
-55
-31
76
318
619
870
1383
1788
1892
1937
2092
2219
2352
2617
2904
3120
3285
3437
3497
3571
3636
3657
3781
3764
3537
3315
3003
2659
2217
1887
1554
974
331
-287
-938
-1722
-2378
-2971
-3433
-3738
-4126
-4607
-5137
-5591
-6168
-6677
-6962
-7199
-7367
-7656
-7911
-8354
-8846
-9207
-9478
-9656
-9938
-9940
-9877
-9646
-9220
-8733
-8266
-7646
-6428
-4804
-3279
-2147
-1171
-301
296
842
1689
2601
3304
3899
4553
4767
4668
4820
5035
4996
4969
5180
5324
5332
5290
5212
4804
4457
4362
4386
4408
4222
3973
3686
3514
3227
2979
2946
2838
2699
2594
2570
2270
1896
1636
1286
1010
832
733
505
153
-141
-257
-335
-427
-428
-244
-93
-123
-48
-12
146
463
906
1245
1387
1611
1811
1889
1913
2082
2185
2380
2595
2826
3079
3125
3251
3265
3266
3249
3225
3265
3141
2966
2686
2388
2022
1597
1257
777
132
-614
-1312
-2005
-2652
-3122
-3698
-4304
-4965
-5628
-6130
-6665
-7162
-7497
-7763
-8002
-8267
-8624
-9003
-9427
-9817
-9996
-10076
-10057
-9775
-9330
-8845
-8501
-8031
-7285
-6411
-5252
-3964
-2864
-1986
-1176
-532
31
740
1611
2359
3025
3643
4084
4331
4520
4776
4968
5101
5277
5515
5737
5866
5812
5625
5442
5303
5143
5130
5131
4914
4676
4557
4203
3839
3638
3395
3087
2860
2746
2459
2092
1784
1494
1185
888
578
309
-22
-239
-451
-737
-847
-784
-653
-542
-329
-162
-192
-107
99
258
448
767
1178
1522
1713
1873
1961
1965
2146
2474
2772
2966
3130
3323
3496
3577
3645
3602
3427
3275
3352
3419
3338
3140
2838
2388
1835
1344
967
576
82
-307
-798
-1365
-1985
-2450
-2936
-3381
-3678
-3965
-4219
-4601
-4967
-5409
-5895
-6261
-6470
-6692
-6928
-7128
-7348
-7555
-7788
-8001
-8116
-8105
-7989
-7782
-7474
-7076
-6673
-6320
-5813
-5185
-4392
-3621
-2934
-2375
-1978
-1416
-817
-28
633
1093
1497
1837
2309
2838
3229
3409
3653
3971
4274
4567
4786
4792
4715
4775
4848
4890
4872
4720
4571
4372
4263
4192
4024
3811
3563
3366
3175
2925
2597
2341
2099
1906
1699
1442
1161
854
698
601
542
507
372
209
63
44
132
290
374
425
372
362
571
775
882
826
1006
1194
1519
1892
2127
2183
2092
2186
2413
2669
2799
2900
2859
2772
2757
2707
2521
2246
2064
1989
1765
1475
1097
717
302
-152
-560
-955
-1367
-1755
-2075
-2482
-2986
-3577
-3977
-4316
-4553
-4815
-5290
-5835
-6278
-6549
-6702
-6978
-7345
-7665
-7921
-7913
-7917
-8058
-8287
-8386
-8177
-7765
-7398
-7189
-7049
-6786
-6150
-5324
-4667
-4299
-4206
-3908
-3197
-2291
-1538
-1108
-785
-307
368
1186
1815
2138
2448
2815
3372
3981
4452
4648
4784
5026
5333
5508
5558
5578
5617
5697
5665
5494
5219
4958
4823
4765
4645
4360
3963
3650
3379
3212
3007
2550
2088
1822
1653
1562
1444
1333
1045
630
385
304
328
446
607
561
410
249
294
387
507
594
592
669
826
1136
1361
1380
1227
1173
1368
1622
1832
1928
1916
1793
1710
1768
1778
1699
1579
1471
1353
1139
878
557
249
-57
-307
-529
-758
-1036
-1497
-1902
-2295
-2600
-2867
-3070
-3285
-3515
-3822
-4251
-4583
-4901
-5147
-5361
-5601
-5874
-6133
-6371
-6569
-6817
-6958
-7000
-6889
-6644
-6396
-6178
-6049
-6018
-5824
-5355
-4753
-4158
-3816
-3495
-3108
-2523
-1877
-1248
-829
-508
40
758
1454
1952
2263
2495
2892
3428
4046
4417
4588
4724
4936
5195
5433
5470
5364
5349
5389
5413
5314
5153
4873
4669
4557
4403
4166
3907
3649
3412
3192
2930
2544
2181
1853
1608
1430
1308
1274
1197
1134
854
458
250
290
542
860
917
691
428
435
648
830
881
856
940
1203
1515
1599
1448
1297
1371
1649
1993
2189
2089
2015
2043
2054
1990
1823
1619
1531
1628
1623
1471
1141
799
481
285
136
-142
-493
-811
-964
-1179
-1553
-2038
-2462
-2694
-2773
-2806
-3011
-3447
-3869
-4186
-4366
-4565
-4799
-5036
-5217
-5280
-5340
-5531
-5840
-6054
-6110
-6012
-5862
-5747
-5642
-5491
-5316
-5083
-4914
-4761
-4439
-3841
-3233
-2778
-2514
-2333
-2050
-1511
-814
-307
137
479
892
1358
1873
2221
2486
2765
3096
3462
3751
4041
4217
4452
4558
4572
4504
4481
4453
4534
4653
4597
4402
4117
3926
3739
3586
3444
3228
2945
2728
2493
2214
1905
1612
1431
1279
1195
1238
1286
1110
831
606
543
704
900
990
834
678
607
733
930
900
732
695
903
1181
1405
1369
1200
1040
1175
1438
1574
1558
1398
1355
1364
1385
1304
1079
809
703
760
709
509
277
-56
-339
-541
-818
-1039
-1255
-1377
-1541
-1783
-2202
-2569
-2771
-2901
-3077
-3318
-3582
-3776
-3763
-3829
-4058
-4527
-4910
-5077
-4915
-4704
-4663
-4835
-5088
-5221
-5175
-5104
-5169
-5156
-4955
-4499
-4064
-3795
-3868
-3913
-3628
-3095
-2410
-1946
-1636
-1403
-1107
-596
-195
16
85
413
977
1624
2057
2264
2373
2510
2845
3071
3286
3363
3592
3894
4170
4263
4080
3885
3828
3995
4166
4147
3908
3672
3510
3487
3312
3040
2699
2430
2415
2436
2373
2023
1679
1505
1567
1640
1460
1240
1060
1187
1407
1474
1228
854
775
959
1248
1315
1110
847
827
1054
1255
1238
1075
972
1089
1338
1426
1229
1059
1028
1083
1156
1061
815
605
548
642
619
339
-3
-179
-118
-149
-340
-725
-1089
-1293
-1287
-1335
-1588
-1876
-2142
-2199
-2265
-2401
-2645
-2887
-3017
-3051
-3143
-3397
-3701
-3886
-3874
-3753
-3758
-3963
-4150
-4279
-4239
-4169
-4187
-4301
-4369
-4230
-3882
-3594
-3523
-3487
-3440
-3286
-2831
-2388
-2086
-1833
-1642
-1456
-1192
-791
-410
-37
243
517
790
1158
1547
1881
2061
2264
2472
2686
2975
3190
3350
3387
3465
3510
3589
3593
3594
3598
3576
3543
3497
3356
3167
3017
2845
2732
2601
2443
2274
2087
1896
1735
1527
1283
1102
1078
1106
1117
1117
1050
943
797
700
643
697
824
908
1024
984
808
637
568
610
765
834
884
927
902
864
822
836
759
742
691
767
845
764
703
495
272
98
-44
-82
-106
-245
-443
-723
-1001
-1165
-1303
-1449
-1661
-1853
-1981
-2037
-2122
-2273
-2533
-2841
-3025
-3076
-2990
-2994
-3136
-3331
-3565
-3766
-3787
-3730
-3650
-3585
-3660
-3815
-3968
-4075
-3989
-3839
-3705
-3625
-3620
-3479
-3288
-3030
-2836
-2682
-2593
-2298
-1854
-1401
-1063
-958
-890
-696
-272
196
648
899
1097
1283
1585
1921
2152
2237
2378
2567
2790
3067
3210
3359
3406
3413
3393
3326
3259
3300
3383
3534
3568
3381
3117
2886
2850
2861
2849
2698
2457
2251
2113
1955
1787
1626
1398
1282
1248
1306
1465
1510
1318
966
650
431
508
799
971
904
592
252
71
104
183
252
214
168
165
168
140
-58
-320
-528
-521
-405
-289
-225
-348
-582
-797
-1038
-1252
-1359
-1356
-1271
-1252
-1364
-1573
-1856
-2061
-2243
-2340
-2449
-2524
-2467
-2371
-2381
-2650
-3002
-3295
-3334
-3255
-3113
-3100
-3277
-3477
-3692
-3749
-3679
-3682
-3635
-3433
-3176
-3010
-2972
-3029
-3036
-2819
-2472
-2051
-1706
-1394
-1085
-784
-521
-375
-158
52
469
1010
1418
1743
1838
1915
2065
2291
2539
2802
3050
3244
3326
3377
3383
3356
3390
3356
3422
3399
3374
3371
3296
3187
2975
2758
2564
2481
2419
2345
2124
1866
1695
1568
1502
1375
1175
878
627
567
584
549
558
605
640
646
632
484
344
370
643
999
1110
1062
901
838
870
1078
1211
1182
1222
1301
1474
1576
1527
1365
1265
1269
1428
1557
1523
1353
1194
1099
963
809
638
396
225
111
-95
-295
-613
-817
-1018
-1155
-1304
-1575
-1745
-1897
-2094
-2330
-2562
-2795
-2884
-2925
-3060
-3248
-3429
-3606
-3686
-3695
-3699
-3698
-3777
-3839
-3869
-3846
-3855
-3866
-3771
-3575
-3301
-3117
-2976
-2885
-2688
-2402
-2047
-1727
-1443
-1232
-982
-642
-274
137
377
671
951
1240
1615
1928
2182
2390
2549
2726
2915
3090
3185
3287
3429
3592
3634
3662
3593
3490
3510
3519
3539
3385
3185
3013
2921
2799
2728
2614
2365
2184
1991
1851
1736
1586
1446
1275
1139
1053
1124
1140
1087
944
694
487
395
555
729
766
593
365
56
-77
-64
-24
1
-34
-37
10
51
-41
-157
-347
-498
-503
-395
-271
-212
-318
-498
-751
-1026
-1223
-1307
-1227
-1198
-1216
-1324
-1565
-1736
-1841
-2059
-2285
-2433
-2551
-2519
-2420
-2415
-2567
-2806
-2947
-3033
-3140
-3221
-3275
-3326
-3297
-3198
-3151
-3205
-3258
-3218
-3109
-2926
-2748
-2591
-2346
-2036
-1732
-1471
-1279
-1160
-1016
-721
-308
73
397
668
857
1147
1401
1570
1709
1863
2114
2391
2647
2745
2780
2863
2947
3012
3049
2935
2906
2932
3048
3154
3061
2810
2528
2444
2442
2501
2350
2109
1845
1620
1531
1527
1437
1217
990
817
644
520
417
310
187
40
57
207
415
450
289
-40
-209
-178
154
560
756
647
363
234
291
577
771
841
836
880
1072
1317
1332
1146
936
900
1089
1283
1451
1409
1248
1089
872
650
510
464
534
612
555
287
-160
-424
-488
-453
-493
-679
-1000
-1280
-1392
-1422
-1460
-1662
-1847
-1933
-1963
-1982
-2092
-2272
-2411
-2484
-2438
-2438
-2485
-2497
-2530
-2567
-2617
-2750
-2804
-2744
-2691
-2502
-2371
-2295
-2239
-2093
-1877
-1737
-1506
-1297
-1031
-699
-322
-4
179
374
574
852
1158
1456
1749
2057
2338
2598
2715
2783
2820
2890
3106
3296
3479
3568
3640
3674
3724
3716
3666
3658
3677
3752
3747
3700
3581
3396
3314
3258
3163
2945
2763
2621
2519
2434
2267
2010
1647
1451
1329
1201
1019
740
392
150
-15
-152
-367
-622
-859
-1078
-1185
-1335
-1535
-1787
-2024
-2178
-2325
-2452
-2593
-2758
-2889
-2946
-2957
-3061
-3152
-3292
-3333
-3309
-3360
-3370
-3399
-3488
-3502
-3455
-3495
-3530
-3506
-3390
-3260
-3114
-2921
-2842
-2808
-2794
-2670
-2490
-2276
-1992
-1789
-1497
-1223
-999
-816
-619
-438
-218
96
391
765
1081
1256
1433
1589
1699
1842
2031
2298
2531
2758
2911
2964
3002
2996
3041
3003
2979
3029
3027
2999
2941
2816
2645
2535
2436
2247
2059
1884
1708
1625
1555
1462
1237
958
761
624
566
506
311
141
1
-93
-178
-291
-390
-538
-659
-767
-757
-778
-783
-786
-838
-861
-917
-955
-915
-889
-856
-810
-751
-727
-679
-606
-522
-435
-431
-348
-292
-199
-50
109
159
167
232
277
392
474
498
539
564
571
597
703
745
765
751
704
736
720
729
806
819
760
703
670
717
644
585
558
482
476
462
453
486
467
425
393
286
256
230
219
210
199
154
102
57
92
137
121
66
-39
-142
-177
-53
-12
-13
-85
-191
-251
-206
-120
-133
-149
-152
-98
-55
2
99
113
119
100
96
130
219
418
666
938
1029
972
794
653
693
829
1038
1126
1073
931
833
813
772
638
397
225
184
293
411
408
142
-190
-366
-446
-445
-497
-582
-693
-732
-771
-867
-948
-1130
-1306
-1409
-1404
-1331
-1335
-1363
-1395
-1411
-1436
-1483
-1522
-1517
-1460
-1425
-1356
-1253
-1260
-1312
-1242
-1219
-1118
-986
-968
-855
-725
-592
-463
-353
-280
-194
-40
164
295
378
623
648
723
1002
840
867
1040
1014
1214
1445
1398
1475
1585
1500
1540
1608
1551
1541
1531
1633
1602
1685
1741
1486
1483
1493
1455
1248
1119
1277
1026
-82
911
1829
984
531
556
910
-301
-793
689
-216
-964
343
55
-971
-440
-326
-1184
-1331
-905
-1208
-1800
-1012
-1547
-1098
-4634
-5193
2162
431
-5557
-1478
2748
-1135
-2528
-83
-1725
-3856
-1743
-1353
-2125
-738
1142
291
-645
330
11
-1418
-1322
-458
-231
-230
803
1305
501
530
602
101
-123
-33
-173
386
1158
1378
1237
1203
993
810
576
278
213
747
1254
1109
1252
1764
1473
842
842
999
732
593
1134
1311
1329
1392
1321
930
777
640
607
585
818
385
1028
1502
-1305
211
454
567
1075
-1194
356
59
-694
-305
-9
-868
-1420
-263
382
-980
-1933
-810
-1315
-1726
-1582
-1052
-1567
-2444
-1957
-2020
-2190
-2584
-2358
-1762
-2559
-2543
-2082
-1903
-2063
-2430
-2116
-1626
-1780
-1809
-1232
-1239
-1474
-1545
-774
-879
-1301
-904
-742
-602
-642
-550
-145
17
-25
17
189
547
446
597
976
1108
1565
1755
1801
2108
1974
1847
2010
2127
2102
2250
2649
2481
2288
2417
2296
1950
1836
1880
1809
1637
1528
1497
1343
1168
778
342
160
58
-253
-703
-669
-509
-981
-1266
-1192
-1401
-2053
-1986
-1629
-2233
-2568
-1989
-1625
-2259
-2240
-1781
-2140
-2453
-2084
-2191
-2346
-1982
-1770
-1715
-1909
-1687
-1604
-1854
-1739
-1636
-1554
-1506
-1236
-883
-887
-840
-642
-701
-731
-505
-420
-155
112
383
390
315
440
486
152
-270
-394
-513
-340
347
1382
2354
2934
3207
3257
2960
2641
2379
2254
2283
2322
2459
2573
2615
2441
1820
1411
1305
1407
1737
2595
2865
2322
2240
1524
883
849
806
1077
1586
1837
1986
2421
2423
2170
1818
1118
529
-73
-575
-786
-984
-1113
-1231
-1400
-1608
-1837
-2089
-2247
-2003
-1716
-1470
-1143
-872
-706
-1048
-1050
-650
-982
-1313
-1312
-1147
-1061
-1229
-1377
-1741
-1924
-2110
-2104
-2045
-1725
-1890
-3656
-3349
-1683
-88
1663
2017
2032
1897
1146
61
-960
-1992
-2474
-2498
-2072
-419
1633
3201
4100
4368
4141
3380
2261
1337
843
655
877
1426
1938
2197
1882
1331
819
355
-142
-370
147
999
1808
2371
2543
2421
2157
1756
1409
1163
1124
1188
1317
1548
1666
1380
809
336
11
-157
-78
301
722
1153
1549
1775
1830
1660
1376
1102
1006
1122
1093
1085
879
775
302
416
-570
-1492
1002
760
-200
395
-185
-756
-2046
-3026
-2262
-1961
-2230
-984
21
1068
1600
463
-346
-912
-2248
-3098
-3319
-3088
-1961
-1729
-1278
-635
-1052
-1925
-2873
-3246
-3019
-3077
-2540
-1611
-863
48
-110
-445
-694
-1438
-1893
-1971
-1503
-684
-35
900
1540
2080
2407
1785
1012
676
433
253
499
981
1260
1288
1043
562
238
-270
-712
-650
-82
592
1251
1835
2136
2199
2015
1596
1125
869
701
748
938
1044
928
743
369
-21
-323
-594
-583
-468
-88
425
906
1233
1366
1436
1258
1042
965
892
743
698
718
595
518
266
-29
-294
-371
-317
-263
-74
136
455
571
675
542
186
-210
-423
-561
-963
-1337
-1717
-2048
-2263
-2243
-2322
-2238
-1957
-1621
-1386
-1387
-1358
-1540
-1638
-1637
-1636
-1543
-1461
-1562
-1644
-1667
-1837
-2015
-2226
-2381
-2437
-2270
-2078
-2009
-1946
-1830
-1575
-1192
-725
-401
-335
30
726
1208
1419
1685
2096
2449
2337
1831
1293
840
500
127
-25
33
257
360
526
748
1033
1111
1169
1497
1959
2256
2426
2598
2677
2352
2127
1689
1100
855
358
141
-23
63
-45
127
-94
595
-284
437
1712
-30
1727
1394
749
2470
1122
1043
1818
642
735
458
-220
455
92
-6
445
71
616
601
574
1017
1255
1312
1730
1700
1846
2127
1644
1895
1771
1465
1419
1185
1359
2927
4374
4780
3735
2391
1431
305
-1041
-2414
-3503
-3800
-3429
-3257
-2942
-2918
-3174
-2893
-2394
-1700
-1066
-876
-495
-77
240
-131
-1183
-2352
-3342
-4128
-4618
-4749
-4929
-4860
-4351
-3779
-2975
-2513
-2471
-2419
-2309
-1699
-1181
-811
-300
590
1927
3085
3761
3610
2778
1658
562
-314
-1124
-1578
-1651
-1210
-463
263
756
895
1036
1357
1847
2210
2555
3034
3453
3776
3950
3539
2698
1659
658
-79
-564
-860
-1041
-917
-612
-271
14
119
9
-32
83
278
604
960
1208
1326
1296
1072
474
-244
-957
-1568
-1788
-1726
-1516
-1375
-955
-536
-150
172
230
340
424
564
813
1116
1173
1183
1191
1017
772
494
111
-213
-315
-271
0
216
489
667
934
2491
4965
6985
7436
7385
7624
6928
4993
2137
-75
-1243
-1742
-2005
-2468
-2276
-1677
-1495
-1703
-1507
-1103
-816
-99
791
1729
2256
1788
715
-731
-2246
-3676
-5109
-6041
-6250
-6049
-5498
-4831
-4285
-4037
-4009
-3973
-3949
-3849
-3656
-3365
-2930
-2209
-1741
-1724
-1680
-1809
-2045
-2230
-2552
-2792
-2814
-2637
-2278
-1701
-918
-47
1107
2362
3253
3472
3288
2910
2230
1504
822
253
11
49
219
473
708
861
965
1088
1325
1652
2021
2478
2817
3072
3161
2936
2327
1628
977
339
-131
-493
-596
-599
-471
-209
54
178
204
184
173
405
692
973
1152
1236
1200
934
525
4
-507
-930
-1109
-1118
-868
-476
62
807
1525
2225
2826
3484
4017
4230
4121
3784
3457
3121
2773
2380
2149
2126
2234
2329
2204
2228
2258
2237
2114
1593
925
325
26
-97
-227
-415
-734
-1030
-1237
-1463
-1775
-2118
-2429
-2663
-2723
-2818
-2993
-3106
-3356
-3577
-3954
-4335
-4854
-5444
-5740
-5794
-5545
-5290
-4833
-4518
-4177
-3939
-3956
-3836
-3791
-3643
-3366
-3041
-2681
-2477
-2343
-1553
461
3081
4931
5414
4912
3966
2692
933
-818
-1878
-1865
-1121
-435
298
862
1244
1494
1604
2059
2609
3312
4063
4845
5599
5678
5031
3697
2199
911
-87
-791
-1219
-1052
-569
160
715
927
922
544
340
336
640
1114
1430
1735
1779
1554
970
108
-819
-1532
-1946
-2091
-1899
-1517
-1041
-530
-119
31
188
712
1787
3115
4332
5127
5334
5467
5630
5160
3999
2650
1709
1267
1044
647
52
-312
-311
-56
236
650
1220
1849
2453
2948
3043
2517
1534
491
-345
-983
-1748
-2742
-3709
-4238
-4301
-4252
-4329
-4640
-4871
-4949
-4575
-4078
-3676
-3419
-3417
-3120
-2966
-3086
-3979
-5240
-6066
-6548
-6481
-6543
-6532
-6338
-5925
-5446
-5419
-5234
-4896
-4621
-3827
-2334
-396
2472
5844
7901
8010
6741
4814
2670
38
-2092
-3162
-3231
-1926
-1003
-585
281
871
1167
1365
1815
2778
3983
5147
6088
6712
6462
5414
3498
1421
-37
-1322
-2052
-2250
-1588
-455
333
925
1085
684
274
120
244
884
1651
2152
2366
2289
1805
1044
373
161
82
290
626
927
1480
1829
2094
2527
3268
3987
4336
4341
4171
4092
3775
2754
1250
-265
-1108
-1132
-684
59
851
1587
2022
2157
1998
1614
1178
779
526
320
-212
-1234
-2451
-3368
-4219
-5109
-5786
-6146
-5939
-5610
-5311
-5164
-4865
-4408
-4342
-4302
-4217
-4225
-4829
-5634
-6093
-6419
-6758
-7515
-8410
-8967
-8874
-8565
-8131
-7292
-6122
-4400
-1694
2597
7215
10000
9895
8149
5941
3200
402
-2116
-3618
-3738
-2925
-2144
-1670
-1093
-552
-24
923
2429
4110
5784
7260
8392
9016
8753
7184
4750
2357
637
-490
-1329
-1592
-1271
-339
616
1157
1179
907
729
675
1093
1848
2593
3003
3036
2704
1867
907
412
260
210
179
415
1142
1961
2750
3068
3301
3659
3774
3605
3110
2965
3121
3317
3171
2543
1795
1025
454
211
463
1141
2004
2698
3172
3353
3159
2579
1829
1039
227
-174
-380
-670
-1265
-2188
-3233
-4081
-4448
-4479
-4326
-3982
-3707
-3669
-3940
-4462
-5110
-5593
-5628
-5243
-4789
-5004
-5704
-6721
-7760
-8739
-9791
-10453
-10766
-10434
-9625
-8636
-7006
-5347
-3793
-2648
-1755
-347
1779
4687
7054
8283
7935
6331
3937
902
-1923
-4018
-4767
-4381
-3430
-2173
-864
347
1539
2551
3643
4712
5808
7136
8344
9073
8707
7535
5493
3239
1293
-350
-1359
-2041
-2077
-1667
-713
409
1133
1399
1305
1536
2012
2512
2802
2781
2901
3613
4635
5030
3930
2381
1149
485
493
609
1222
2161
3378
4161
3937
3430
2869
2628
2656
2647
2624
2463
2533
2578
2545
2433
2017
1587
1176
1093
1270
1360
1075
433
-152
-518
-878
-1323
-1878
-2251
-2301
-2467
-3112
-4050
-4728
-5111
-5720
-6563
-7255
-7370
-6811
-6068
-5270
-4801
-4508
-4643
-5753
-7429
-8926
-9529
-9357
-8791
-8175
-7559
-7007
-6806
-7134
-7550
-7700
-7322
-6262
-4463
-1734
1176
4305
7007
8169
7410
5058
2624
450
-742
-1299
-1420
-995
-433
197
176
31
-142
30
1071
3039
5383
7294
8429
8616
8115
7011
5172
2861
1016
8
-164
-17
206
405
498
543
360
109
17
217
866
1833
2917
3511
3517
3741
3978
3827
2866
2036
2033
2504
3138
3233
3336
3498
3756
3729
3322
3200
2883
2632
2490
2606
2744
2529
2016
1536
1616
2070
2508
2725
2987
3161
3017
2357
1575
977
439
-29
-570
-1129
-1972
-3232
-4695
-6048
-6756
-6973
-6751
-6250
-5710
-5433
-5319
-5041
-4830
-4678
-4763
-5112
-5958
-7092
-8354
-9368
-9970
-10249
-10121
-9722
-9197
-8930
-8786
-8509
-7839
-7160
-6346
-4953
-2490
743
3131
4900
6493
7902
8087
6125
3221
579
-662
-1195
-1499
-1407
-804
68
249
102
12
514
1529
3114
5249
7509
9407
10141
9612
8239
6629
4773
2881
1415
818
832
993
927
402
-125
-671
-927
-809
-211
783
1823
2817
3548
4006
4295
4524
4558
4053
3407
3177
3394
3948
4232
4066
3770
3407
3073
2748
2533
2579
2521
2479
2440
2660
3021
3289
3296
3129
3401
3832
4181
4014
3715
3586
3322
2908
1936
658
-337
-964
-1321
-1883
-2689
-3888
-5516
-6951
-7726
-7580
-6968
-6359
-5856
-5538
-5285
-5193
-5730
-6562
-7176
-7331
-7083
-6849
-6805
-7552
-8559
-9515
-10335
-10994
-11850
-11924
-11059
-9222
-7305
-5758
-3882
-1882
320
2078
3796
5729
7536
8387
7367
5504
3531
1977
320
-1307
-2477
-2871
-2508
-1964
-1245
-279
1061
2411
3977
5637
7336
8596
9125
9018
8376
7541
6269
4700
3061
1874
1310
648
-58
-838
-1345
-1332
-1127
-675
-344
341
1133
1820
2588
3116
3522
3747
4094
4175
3995
3884
3546
3311
3121
3086
3199
3184
3209
3046
3157
3589
3889
3764
3029
2594
2416
2530
3012
3262
3441
3317
3307
3344
3219
3185
2869
2643
2342
1850
1156
182
-570
-1229
-1895
-2737
-3926
-5149
-6154
-6734
-6993
-6937
-6808
-7030
-7546
-7809
-7249
-6217
-5921
-6755
-7919
-8755
-8837
-9037
-9472
-10045
-10621
-10930
-11175
-10640
-9905
-9102
-8204
-6810
-4415
-1827
556
2038
3190
5053
7204
8428
7460
5329
3080
1200
96
-902
-1645
-2190
-2077
-1338
-692
145
880
1590
2592
4180
6466
8396
9434
9267
8399
7591
6605
5386
3778
2391
1699
1334
989
126
-991
-1719
-1775
-1122
-307
569
1231
1733
2430
2868
3280
3781
4390
4726
4311
3977
3630
3278
2947
2389
2181
2171
2557
2889
2824
2879
2974
3240
3168
3055
3126
3215
3514
3703
3738
3740
3818
3791
3440
2921
2609
2446
2216
1658
690
-222
-799
-981
-1376
-2131
-3004
-3998
-4896
-5728
-6183
-6474
-6880
-7484
-7962
-7831
-7285
-6747
-6948
-7714
-8391
-8450
-8200
-8181
-8598
-9424
-9839
-9933
-9848
-9797
-9762
-9048
-7766
-5630
-3292
-1434
278
1530
2834
4242
6071
7633
7266
5609
3501
2096
1242
328
-483
-1305
-1278
-604
8
373
564
1345
2439
3975
5778
7268
8382
8771
8690
8069
7174
6205
5019
3882
2995
2320
1656
699
-289
-1121
-1574
-1370
-912
-218
565
1413
2107
2558
2815
3019
3636
4604
5481
5389
4773
4176
3878
3799
3421
3171
2934
3085
3233
3133
3196
3082
2876
2161
1688
1750
2309
3147
3328
3408
3387
3758
4202
4107
3815
3294
2894
2476
1796
899
-414
-1825
-3025
-3911
-3969
-3809
-3893
-4716
-5968
-7215
-8450
-8970
-8922
-8069
-7191
-6850
-7273
-8581
-9898
-11053
-11231
-10589
-9554
-8720
-8913
-9373
-9679
-9365
-8654
-7521
-5405
-3014
-970
-7
110
600
2497
5641
7733
7125
4778
2440
1047
366
-230
-762
-1181
-884
-361
-187
-35
240
682
1353
2908
5188
7366
8631
8634
7870
7057
6565
6259
5581
4640
3737
2886
1980
654
-627
-1487
-1497
-851
-157
217
361
521
747
1245
1988
3192
4370
5535
5971
5609
4586
3330
2729
2496
3036
3450
3560
3017
2005
1575
1499
2006
2226
2034
1966
2102
2786
3206
3256
3113
2890
3011
3258
3571
3559
2931
2150
1142
409
-8
-443
-796
-1377
-1848
-2483
-3322
-4209
-5263
-6367
-7468
-8480
-8999
-9040
-8762
-8295
-7757
-6963
-6717
-7260
-8712
-10349
-10930
-10578
-9613
-9157
-9227
-9463
-9494
-8759
-7603
-5914
-4285
-2908
-1725
-637
848
3002
5608
7548
7461
5509
3405
1837
1081
608
315
-41
-565
-677
-1009
-1105
-888
-276
850
2180
4159
6062
7211
7562
7280
6905
6763
6808
6788
6169
5228
4036
2693
1508
468
-77
-553
-630
-425
-228
9
209
483
896
1412
2159
2764
3885
5846
7434
7482
5343
3732
3082
3862
5001
5011
4748
3596
3111
2365
1555
1132
677
1079
1404
2436
3297
3398
3166
2568
2660
3291
4371
4896
4234
3149
2106
1317
660
-122
-816
-1338
-1779
-2406
-3644
-5054
-6280
-6844
-6690
-6485
-6579
-7230
-7987
-8559
-8627
-7963
-7085
-6402
-6721
-7812
-8565
-8529
-8248
-8838
-10337
-11486
-11190
-9598
-7965
-7209
-6812
-6005
-4511
-2673
-1025
846
3584
7257
10067
10135
8015
5212
3197
2070
1660
1451
933
276
-747
-1862
-2689
-2679
-1899
-788
804
2942
5253
6976
7646
7458
7007
7045
7488
7750
7435
6544
5447
4239
3034
1729
486
-541
-971
-955
-924
-723
-540
-351
109
1140
3260
5596
6818
6596
5537
5515
6197
7038
7115
6191
5370
4376
3625
2675
2200
2323
2178
1695
832
743
1365
2239
2738
2605
2825
3453
4225
4415
4081
3681
3226
2547
1509
272
-666
-1148
-1654
-2453
-3613
-4400
-5179
-6129
-7136
-7796
-8028
-8141
-7960
-7680
-7074
-6268
-5596
-5498
-6130
-7126
-7885
-8169
-8096
-8057
-8188
-8629
-9551
-10362
-10935
-11123
-10993
-10160
-8086
-5345
-2555
-808
-42
10
618
3093
6835
9948
10261
8406
5402
2754
1225
654
550
174
82
-329
-1178
-2062
-2555
-2492
-1988
-349
2143
4626
6464
7189
6919
6211
5905
6109
6132
6027
5914
5663
4740
3179
1400
-272
-1234
-1364
-1090
-978
-754
-407
-203
708
2723
4875
5768
5308
5041
5511
6862
8358
9033
8514
7138
5737
4229
3019
2491
2547
2606
2167
1363
650
342
725
1420
2066
2722
3651
4582
4894
4711
4041
2869
1426
-53
-1154
-1771
-2087
-2260
-3105
-4291
-5453
-6243
-6716
-7165
-7147
-7121
-6956
-6738
-6436
-5880
-5333
-4804
-5133
-6050
-6935
-7304
-7136
-7203
-7542
-8661
-9792
-10639
-11045
-10983
-10962
-10437
-9932
-9127
-7903
-5649
-2635
-292
1010
1513
2809
5399
8657
10269
9077
6275
3664
2284
1688
1584
1391
755
-77
-1066
-2133
-2767
-2556
-1580
-267
1394
3364
5148
6442
6848
6567
6083
5793
5944
6102
6139
6148
5836
4775
2954
925
-253
-574
-385
-344
-465
-91
362
914
2118
4239
6269
6895
6804
6802
7655
9196
10155
10255
9081
8135
6919
5257
3752
2752
2834
2426
1898
1047
607
990
1695
2308
2117
2318
3028
3684
3696
3016
1813
377
-944
-1915
-2340
-2497
-2413
-2887
-3781
-4609
-4813
-4843
-5391
-5618
-5277
-3843
-2883
-3323
-4517
-5324
-4618
-3761
-3468
-4101
-4753
-4906
-5432
-6515
-8393
-10205
-11000
-10710
-9906
-9355
-8919
-8493
-8149
-7831
-7251
-6213
-4562
-2712
-1578
-1487
-1927
-1666
-836
403
1545
2947
4808
6393
6686
5184
3478
2682
2962
3081
2530
1768
1334
1147
913
396
13
246
1188
2341
3174
3998
4808
5487
5271
4316
3411
3421
4166
4648
4373
3763
3202
2523
1927
1719
1889
2248
2242
1731
1179
1796
3845
6293
8554
9279
9244
8515
8218
8157
7735
7335
6388
5960
5099
4434
3447
1975
629
-763
-1092
-708
574
2096
2931
3449
3388
3048
2497
1770
1100
415
-37
-341
-679
-692
-796
-979
-1498
-2367
-2904
-3823
-4417
-4796
-4435
-3507
-2869
-2179
-2211
-2714
-3981
-5428
-6107
-6231
-5782
-5579
-5876
-6422
-7078
-7504
-8190
-8978
-9385
-9144
-7697
-5887
-4181
-3482
-3562
-3954
-4707
-5140
-5217
-4165
-2715
-1863
-2598
-4537
-6715
-8305
-8760
-8627
-8043
-6852
-4549
-1835
514
2283
3786
4887
5190
5072
4807
4596
4542
4760
4857
4121
2644
764
-1182
-2721
-2851
-1608
55
1343
2263
2779
2904
3212
3391
3618
3902
4813
5836
6301
7294
9564
13156
15458
14985
12342
9293
7916
6996
5689
3070
744
186
384
786
299
362
436
679
1380
2581
5201
8145
10350
10198
8507
6489
5003
3487
1506
-363
-1708
-1971
-2074
-2175
-3195
-4314
-5187
-5620
-5281
-4252
-1569
967
2826
2847
1649
220
-1582
-3013
-4799
-5644
-5967
-6211
-6576
-7162
-7286
-7434
-7175
-6436
-5015
-2668
-265
1316
1219
-420
-2550
-4712
-6160
-6920
-6824
-6439
-5800
-5200
-4984
-5136
-5973
-6498
-6532
-5361
-3764
-1995
-865
-332
-269
-1287
-2509
-3998
-4504
-4679
-4636
-4635
-4452
-3428
-2283
-1325
-1814
-3286
-5026
-5173
-3597
-1607
21
1616
3489
4111
3519
2176
1746
1802
2346
2788
2340
2242
2821
4202
4068
2920
1605
1085
1910
3424
5561
6449
6493
5654
4400
2841
1884
2290
2816
3160
3332
4493
6322
8497
9699
9567
8675
8130
8428
8504
8628
8340
7923
6512
4335
2318
1123
1163
988
559
-108
135
1354
2671
3579
3939
4304
4038
3403
3009
3125
3165
2665
1257
-1066
-3257
-4121
-4017
-3830
-3429
-2743
-1860
-1350
-1062
-1427
-2478
-3546
-4104
-4204
-3934
-3176
-2491
-2601
-3491
-4628
-5360
-5138
-4013
-2253
-1234
-865
-1090
-1938
-3171
-4562
-5610
-6376
-6462
-5866
-4706
-3974
-4200
-4744
-4896
-3940
-2512
-1460
-803
-57
1001
1708
837
-1706
-4344
-6273
-7321
-8000
-7891
-6752
-4570
-2193
-953
-1418
-2799
-3534
-3927
-3627
-2934
-1758
-292
813
1064
439
-420
-1736
-3101
-4538
-5549
-5773
-4537
-1775
1175
3335
3976
3449
1973
979
1228
2592
4061
4289
3313
2282
2834
4350
5491
4989
3211
1197
-6
40
1008
2516
4109
5369
5837
6228
7087
8331
9139
8647
7151
5944
5815
6391
6907
6615
5227
3006
590
-1178
-1891
-1609
-1181
-1011
-673
337
2168
4186
5396
5186
3867
2224
791
-190
-642
-1005
-1216
-1172
-576
239
615
-108
-1776
-3654
-5250
-5842
-5470
-4332
-3164
-2065
-1499
-1551
-2125
-3142
-4125
-5233
-5822
-5649
-4362
-2127
245
1906
2562
2563
1598
-87
-2074
-3807
-5107
-5920
-6373
-6365
-5186
-3097
-1301
-931
-1689
-2957
-4071
-4390
-3457
-1464
762
2418
2821
2152
792
-728
-2424
-4572
-6321
-6546
-4974
-2500
0
1460
1347
398
-255
-876
-2149
-3264
-3583
-3055
-1875
-297
1055
1483
805
-567
-2199
-3377
-3887
-3860
-3387
-2358
-665
1232
2610
3026
2909
2233
756
-1252
-2634
-2914
-2150
-941
249
1720
3151
4464
4494
3129
1303
206
137
356
857
1305
2002
2211
2082
1692
1007
467
67
223
1116
3268
5844
7597
7806
6706
4824
2780
1238
251
-404
-774
-383
740
2230
3535
4080
3652
2455
1126
-9
-748
-1020
-637
169
840
1516
2059
2364
2101
1280
46
-1140
-1389
-570
744
1763
2112
1725
1028
139
-921
-2334
-3763
-4784
-5316
-5209
-4567
-3612
-2617
-1597
-619
326
1199
1692
1458
594
-484
-1268
-1572
-1531
-1827
-2607
-3324
-3490
-3247
-3014
-3016
-3219
-2995
-1905
-234
1028
1087
240
-517
-660
-711
-1249
-1890
-2107
-1739
-930
-530
-949
-1218
-622
633
1522
1728
1509
1225
668
-497
-2121
-3765
-4200
-3480
-2434
-1839
-1250
-144
1113
1986
1817
865
-96
-386
-37
490
371
-232
-460
-408
-573
-1060
-1328
-1595
-1496
-571
871
2428
3974
5558
6065
5119
3045
510
-1867
-3525
-3969
-3626
-2375
-593
1383
2871
3215
2984
2596
2094
1437
1550
2350
3292
4024
4098
3315
2290
1916
1462
487
-336
-148
1153
3102
4577
4655
3873
3000
2375
1611
195
-1409
-2011
-1617
-924
-32
709
1226
1219
898
1025
1289
1719
2630
3539
4050
4182
3573
2524
1557
133
-1555
-3229
-4422
-4942
-5269
-5315
-5102
-4727
-4063
-3150
-2127
-665
608
1382
2148
2871
3094
2925
2597
1769
502
-1175
-2719
-3757
-4300
-4540
-4869
-5076
-4723
-3954
-2927
-1548
-199
904
2053
3100
3774
3747
3107
2026
324
-1585
-3138
-3930
-3748
-2997
-2561
-2237
-1530
-632
96
433
255
-21
-89
237
780
1520
2451
2992
2893
2220
1301
358
-642
-1964
-3143
-3745
-3369
-1985
-489
462
1246
2298
3199
3149
2563
1140
-344
-1026
-1861
-1924
-979
171
1695
2735
3158
4077
4717
5099
5080
3692
2117
1160
337
34
-427
-954
-1097
-1015
-337
1154
2386
3046
3302
3102
3746
4863
5677
5631
4295
1975
-52
-1506
-2370
-3067
-4053
-4373
-3598
-1675
1064
3869
5878
7051
7449
7498
7425
6685
5221
2935
295
-2003
-3634
-4500
-4835
-5008
-5070
-4951
-4019
-2021
-73
1197
1714
1626
1293
1034
858
422
-429
-1186
-1474
-1491
-1395
-1446
-1846
-2346
-2855
-3188
-2892
-2126
-1138
-154
462
734
1021
1561
2086
1882
665
-761
-1786
-1931
-1482
-1343
-1695
-2154
-2091
-1212
-22
660
871
799
686
539
321
104
22
61
116
114
167
311
167
-520
-1600
-2677
-3327
-3525
-3280
-2574
-1554
-300
1335
3225
4344
4605
4326
3710
2469
987
-410
-1739
-2650
-2670
-1743
-478
977
2190
3041
3381
3123
2433
1381
-25
-1321
-1751
-1284
-409
703
1745
2524
3082
3655
3784
3126
1898
409
-942
-1965
-2402
-2593
-2269
-1402
-181
1347
2864
4324
5436
6104
6071
5065
3755
2158
759
-422
-1520
-2174
-2236
-1628
-821
-229
-11
156
123
422
947
1204
1167
910
961
1143
784
27
-842
-1799
-2361
-2566
-2588
-2489
-2290
-1454
-446
320
845
1003
907
364
-670
-1752
-2448
-3123
-3880
-4679
-4826
-4080
-2739
-1283
-341
132
569
1329
2184
2612
2082
1093
281
-87
-133
-513
-1377
-2462
-2996
-2484
-1438
-1013
-1575
-2312
-2823
-2872
-2623
-2078
-1771
-1516
-857
-34
1184
2664
4253
5099
4864
3648
2325
1545
667
-1018
-3378
-5200
-6118
-5932
-5026
-3875
-2824
-1727
267
2734
4999
6305
6666
6321
5474
4426
3378
2686
1569
103
-1026
-1108
-427
66
-73
-859
-1372
-1174
-471
13
9
-376
-342
552
1540
2179
2511
2661
2421
2100
1879
1786
1641
816
-442
-1484
-1637
-963
-17
462
420
763
1935
3175
3362
2438
877
-640
-1911
-2980
-3883
-4355
-4310
-3794
-2841
-1659
-263
1188
2175
2055
1338
716
317
-322
-1539
-3058
-4193
-4395
-4118
-4021
-4178
-4044
-3293
-2222
-1331
-978
-792
-193
350
659
464
45
68
483
766
327
-219
-359
-269
-488
-1313
-2455
-3148
-3135
-2920
-2783
-2712
-2282
-1369
31
1101
1467
1373
1181
998
868
718
326
247
-52
-123
-103
-56
-136
112
622
715
792
1264
2189
2576
2956
3007
2939
2955
2831
2514
1741
737
-492
-1259
-1358
-1281
-1129
-707
-111
236
909
1707
2455
2943
2903
2886
3099
3674
4083
4214
3855
3233
2729
2374
1593
164
-1281
-2389
-2982
-3114
-3006
-2526
-1354
321
2219
4091
5672
6487
6590
5841
4140
1863
-579
-3059
-5414
-7141
-8111
-7929
-6885
-5600
-4206
-2569
-888
275
688
226
-756
-1364
-1293
-931
-676
-607
-265
594
1548
1754
954
-660
-2688
-4413
-5546
-6348
-7147
-7732
-7336
-5622
-3019
-660
928
1846
2389
2775
2626
1875
674
-479
-1210
-1511
-1413
-924
-276
233
542
651
601
249
-416
-1326
-2216
-2688
-2418
-1661
-810
308
1714
3368
4876
5680
5724
5264
4393
3267
1884
301
-954
-1430
-1416
-1032
-37
1414
3046
4405
5124
5283
5372
5315
4800
3824
2805
2216
2261
2696
3132
3468
3744
3830
3761
3469
2729
1763
677
-250
-1086
-1525
-1356
-848
-302
222
812
1456
2165
2454
2157
1329
165
-1185
-2518
-3767
-4849
-5585
-5902
-5733
-5124
-4347
-3584
-3011
-2724
-2667
-2578
-2366
-2410
-2706
-2989
-2716
-1960
-983
-316
-186
-423
-936
-1654
-2613
-3654
-5015
-6491
-7602
-8054
-7874
-7145
-6124
-4879
-3331
-1658
-105
936
1168
667
-36
-998
-2415
-4071
-5328
-5694
-5381
-4750
-3890
-2641
-1036
812
2355
3228
3522
3869
4406
4763
4904
4889
5116
5365
5463
5344
5340
5623
6074
6268
5948
5451
5106
5002
4716
4347
4021
4080
4419
4937
5462
5874
6382
6642
6592
6185
5676
5177
4625
3917
2954
2209
1941
2029
2095
2007
1745
1621
1673
1496
960
136
-533
-1160
-1692
-2241
-2673
-2779
-2743
-2722
-3019
-3435
-3803
-4073
-4510
-5243
-6053
-6592
-6834
-6974
-7070
-7068
-6603
-5701
-4675
-3891
-3662
-3715
-3747
-3792
-4166
-4955
-5934
-6886
-7747
-8495
-8856
-8944
-8944
-8995
-8826
-8190
-7435
-6375
-4856
-3174
-1685
-259
1523
3747
6116
8328
10223
11361
11785
11743
11466
10639
8835
6462
4150
2014
176
-1093
-1929
-2537
-2977
-2870
-2146
-1131
-220
452
938
1249
1535
1944
2366
2569
2617
2884
3447
4163
4909
5626
6112
6295
6238
6080
5795
5160
4374
3574
3127
3414
4657
6231
7367
8230
9227
10486
11044
10167
8204
5876
3509
1195
-955
-2870
-4155
-4472
-3803
-2399
-584
1366
3378
4830
5334
5219
4763
3814
1937
-575
-3181
-5291
-6592
-7409
-8133
-8816
-9198
-9071
-8781
-8887
-9516
-10243
-10817
-11337
-11951
-12488
-12812
-13120
-13282
-13151
-12746
-12218
-11629
-10846
-9694
-7981
-5761
-3147
-168
3441
8101
13112
17052
19127
20025
20452
20037
18043
14192
9364
4601
405
-3006
-5732
-7761
-8827
-8692
-7589
-6263
-4837
-3382
-2188
-1736
-1895
-2033
-1944
-1586
-1165
-532
647
2586
5223
7986
10140
11521
12347
12567
11891
10079
7400
4491
1719
-739
-2669
-3807
-3821
-2792
-1107
749
2378
3878
5408
6463
6434
5273
3809
2711
1852
1032
401
249
821
2140
3751
5198
6165
6737
6825
6265
4914
3047
1091
-942
-2992
-4722
-5639
-5635
-5156
-4579
-4060
-3447
-2629
-2020
-1958
-2602
-3708
-4901
-6002
-6949
-7714
-7996
-7738
-7295
-6503
-5426
-4123
-3067
-2644
-2752
-3371
-4249
-5547
-7118
-8783
-10543
-12004
-12869
-13195
-13280
-12868
-11163
-7337
-1582
4147
8280
11146
14200
17590
19786
19280
16422
12835
9449
6433
3500
551
-2119
-3803
-4239
-3929
-3413
-2664
-1871
-1703
-2463
-3586
-4297
-4608
-5057
-5853
-6294
-5552
-3288
-121
3115
5967
8625
11437
13885
15288
15391
14477
12935
11020
8777
6440
4461
2926
1776
1080
824
998
1492
1803
1590
1010
289
-344
-932
-1824
-2910
-3641
-3584
-2969
-2201
-1330
-399
592
1666
2368
2462
1984
989
-172
-1624
-3345
-5046
-6467
-7471
-8171
-8592
-8681
-8515
-8266
-8136
-8365
-8890
-9655
-10533
-11440
-12474
-13506
-14168
-14341
-14022
-13100
-10969
-6794
-683
5808
10995
14799
18292
21888
24265
24051
21242
17065
12632
8456
4443
387
-3287
-6047
-7378
-7622
-7304
-6665
-5825
-5261
-5404
-5915
-6315
-6352
-6426
-6677
-6733
-5833
-3530
-107
3603
7056
10212
13176
15838
17338
17324
15988
13729
11006
7969
4927
2540
1130
456
93
-30
343
1434
2788
3344
2609
1180
15
-790
-1773
-3207
-4484
-4777
-3917
-2205
-341
1493
3357
5299
6876
7585
7355
6406
5023
3000
413
-2184
-4269
-5796
-7079
-8208
-8924
-8980
-8523
-8158
-8293
-8850
-9414
-9857
-10378
-11402
-12944
-14399
-15451
-16186
-16533
-16329
-14970
-12479
-9221
-5306
-1009
3938
9589
15479
20079
22264
22668
22730
22465
20554
16404
11185
6518
2692
-607
-3435
-5774
-7643
-8648
-8749
-8524
-8582
-8793
-8799
-8911
-9489
-9879
-9247
-7828
-6224
-4514
-2028
1491
5568
9586
12856
15034
16317
17014
16947
15533
12750
9314
6101
3224
569
-1583
-3037
-3740
-3810
-2815
-1037
537
1184
1337
1648
1806
1433
571
-466
-1519
-2242
-2167
-1234
-79
951
2068
3473
4576
5220
5498
5054
3657
1619
-376
-2140
-3921
-5776
-7382
-8426
-8704
-8310
-7486
-6982
-6738
-6421
-5997
-5753
-6148
-6937
-7786
-8541
-9231
-9588
-9496
-8957
-8127
-6960
-5514
-4050
-2669
-1512
-822
-721
-618
290
1979
3283
3712
4002
5139
6904
8270
8713
8376
7601
6666
5540
4138
2185
-215
-2249
-3702
-4730
-5405
-5447
-4976
-4313
-3627
-2653
-1181
247
1171
1535
1744
1992
2477
3114
3645
4085
4898
6576
8471
9635
9819
10108
10752
10919
10184
8618
6786
4859
3088
1536
96
-1330
-2331
-2404
-2113
-1753
-1088
-155
586
719
486
466
397
-266
-1374
-2632
-3538
-4194
-4690
-5360
-6387
-7355
-7971
-8285
-9179
-10705
-12344
-13673
-15057
-16851
-18749
-20119
-20177
-19082
-17336
-15507
-13299
-9873
-5256
-439
3785
7904
12699
17532
20520
21372
21547
22010
21795
19480
15554
11529
8108
5041
1894
-1574
-4861
-7304
-8562
-9162
-10177
-11330
-11746
-11361
-11071
-11164
-10726
-9362
-7464
-5605
-3629
-1060
2030
5543
8803
11302
13250
14911
16380
16990
16084
14153
12139
10123
7698
4722
1811
-610
-2603
-4189
-5426
-6387
-6922
-6823
-6287
-5649
-4908
-3273
-892
880
1702
2725
4764
6812
7732
7725
7633
7792
7852
7711
7000
5706
4467
3807
3364
2275
870
-111
-772
-1715
-2941
-3933
-4604
-5342
-6286
-7306
-7967
-8278
-8325
-8214
-8170
-8009
-7421
-6378
-5420
-4979
-4631
-3965
-3180
-2611
-2561
-2536
-2452
-2512
-2706
-2907
-3176
-3662
-4163
-4621
-5107
-5546
-5324
-4125
-2372
-825
486
2271
4599
7003
8684
9343
9383
9153
8721
7870
6489
4570
2638
1110
-17
-898
-1577
-1814
-1705
-1562
-1438
-1116
-572
-179
-329
-841
-1264
-1416
-1295
-1101
-790
-281
627
2022
3736
5650
7458
9315
11172
12807
13735
13816
13348
12469
11080
8934
6348
3756
1398
-698
-2570
-4099
-5155
-5606
-5515
-5219
-4914
-4622
-4167
-3825
-3765
-4136
-4863
-5608
-6364
-7230
-8217
-9077
-9592
-9760
-9769
-9750
-9572
-9232
-8944
-8935
-9416
-10136
-11142
-12398
-13684
-14455
-14328
-13377
-11927
-9273
-4514
1555
7011
11122
15408
20451
24525
25747
24663
22766
20251
16446
11816
6982
2038
-2607
-6111
-8169
-9607
-10507
-10146
-8748
-7456
-6755
-5717
-4093
-3187
-3647
-4550
-4901
-4998
-5052
-4929
-4332
-3344
-1656
990
4005
6754
9114
11520
13687
14850
14873
14250
13022
10907
8018
4935
2035
-643
-2939
-4246
-4455
-3850
-2694
-1337
178
1912
3868
5460
5965
5437
4422
3480
2385
729
-1217
-2783
-3643
-3885
-3581
-2829
-1682
-241
1420
3079
4458
5419
5900
5635
4564
2786
835
-1142
-3354
-5920
-8262
-9837
-10851
-11286
-11399
-11166
-10579
-9551
-8253
-7054
-6159
-5527
-5058
-4794
-4768
-5029
-5191
-5405
-5700
-5878
-5825
-5386
-4853
-4084
-2687
-622
1723
3798
5511
7315
9258
10907
11769
11836
11394
10641
9558
8103
6334
4317
2314
530
-867
-2049
-2937
-3395
-3578
-3622
-3418
-2891
-2193
-1608
-1302
-1135
-956
-690
-553
-532
-497
-314
186
852
1727
2777
4033
5615
7281
8758
9963
10964
11734
12121
11908
11087
9825
8303
6535
4541
2468
464
-1361
-2854
-4037
-4964
-5489
-5671
-5547
-5248
-4925
-4465
-3849
-3294
-3008
-2985
-3055
-3224
-3491
-3981
-4688
-5345
-5792
-6095
-6381
-6679
-6891
-6869
-6763
-6660
-6677
-6843
-7048
-7225
-7263
-7177
-7029
-6938
-6720
-6220
-5287
-3930
-2255
-419
1291
2904
4610
6574
8311
9515
10105
10398
10554
10265
9590
8632
7327
5779
4240
2796
1541
358
-661
-1363
-1845
-2134
-2024
-1578
-1104
-729
-416
-55
294
511
593
546
375
167
-58
-167
-307
-501
-589
-593
-450
-232
75
440
842
1270
1689
2132
2453
2669
2922
3077
2947
2685
2391
2125
1770
1326
943
708
600
512
484
535
722
965
1308
1578
1855
2092
2323
2560
2697
2825
2919
2968
2923
2726
2438
2234
1980
1740
1384
1075
794
497
278
-18
-313
-582
-781
-911
-1147
-1352
-1481
-1607
-1690
-1836
-1925
-2014
-2023
-2020
-2068
-2156
-2227
-2261
-2270
-2304
-2390
-2475
-2517
-2525
-2657
-2755
-2834
-2805
-2801
-2809
-2828
-2846
-2766
-2688
-2579
-2535
-2431
-2252
-2088
-1932
-1768
-1578
-1376
-1176
-987
-782
-538
-357
-143
84
328
479
616
858
1017
1159
1322
1454
1644
1854
2003
2167
2262
2426
2622
2770
2892
3008
3113
3168
3162
3113
3038
2932
2799
2586
2379
2172
2016
1846
1618
1429
1217
995
757
535
320
76
-164
-339
-589
-796
-957
-1157
-1307
-1540
-1740
-1905
-2003
-2116
-2215
-2308
-2377
-2468
-2474
-2425
-2435
-2412
-2465
-2394
-2384
-2432
-2439
-2449
-2428
-2437
-2442
-2383
-2280
-2181
-2045
-1896
-1751
-1557
-1404
-1253
-1062
-886
-740
-614
-554
-426
-296
-298
-238
-195
-153
-87
-18
80
233
335
516
695
860
926
1053
1158
1170
1213
1258
1356
1323
1393
1450
1548
1605
1737
1889
2042
2220
2289
2409
2522
2591
2628
2649
2623
2560
2452
2444
2388
2298
2236
2148
2044
2035
1992
1911
1848
1746
1694
1578
1454
1313
1165
1084
1013
891
761
636
555
443
371
321
214
102
47
-2
-107
-210
-324
-423
-557
-663
-776
-852
-926
-998
-978
-894
-842
-788
-734
-670
-641
-610
-568
-610
-648
-677
-718
-765
-776
-854
-836
-804
-812
-801
-809
-772
-746
-712
-661
-629
-642
-727
-785
-811
-850
-867
-841
-891
-861
-814
-786
-663
-621
-596
-553
-484
-418
-322
-302
-283
-278
-221
-189
-126
-60
-32
55
76
171
265
376
441
503
592
662
704
769
841
792
784
775
708
667
620
572
490
469
440
408
422
446
410
376
429
464
436
389
360
305
242
127
43
-53
-119
-142
-234
-350
-430
-493
-528
-587
-686
-742
-805
-824
-854
-940
-1019
-1048
-1069
-1136
-1110
-1124
-1123
-1064
-1053
-1056
-988
-917
-885
-815
-784
-671
-615
-587
-563
-580
-529
-505
-494
-472
-487
-503
-472
-429
-415
-418
-422
-392
-366
-359
-345
-354
-337
-312
-340
-352
-326
-349
-352
-254
-267
-256
-202
-204
-170
-247
-291
-326
-265
-290
-306
-305
-313
-187
-124
-74
-15
113
150
217
269
350
322
308
335
315
306
186
207
115
87
76
-16
-43
-96
-138
-214
-300
-385
-430
-464
-482
-541
-570
-585
-592
-552
-533
-534
-529
-454
-460
-431
-348
-307
-238
-281
-279
-250
-244
-260
-255
-239
-254
-274
-334
-381
-448
-425
-421
-421
-428
-425
-372
-338
-306
-276
-264
-227
-227
-222
-210
-240
-239
-212
-188
-254
-240
-205
-217
-177
-138
-87
-72
-69
9
8
20
22
-22
-1
23
-1
-29
-15
5
25
12
34
83
80
108
168
237
266
298
303
295
317
308
282
253
207
139
88
31
27
-15
-13
-14
-6
-10
4
26
35
96
95
132
180
130
128
110
80
106
72
67
7
-31
-16
-22
11
73
50
88
97
108
141
159
170
149
135
133
128
138
160
139
204
216
218
220
260
262
284
284
274
252
251
288
281
261
198
218
174
184
167
163
201
162
207
241
237
235
204
193
208
243
204
164
139
110
91
-3
-48
-76
-104
-191
-217
-139
-91
-56
5
12
36
76
91
99
106
116
145
141
144
169
124
201
246
279
302
333
373
395
382
278
250
198
101
16
-31
-91
-125
-130
-216
-263
-249
-252
-257
-233
-202
-188
-156
-116
-121
-106
-74
2
27
15
33
55
84
66
112
80
64
91
105
122
130
88
124
168
87
113
69
75
92
113
154
92
91
114
126
99
70
34
35
26
23
-36
-51
-69
-118
-60
-51
12
-8
-6
14
-20
20
66
35
40
86
83
98
124
140
162
172
198
237
211
194
200
141
66
57
43
12
-35
-62
-45
-54
-36
-16
-33
-14
-3
24
-10
-60
-68
-128
-140
-138
-142
-107
-116
-47
-46
-57
-39
-83
-75
-102
-78
-137
-114
-121
-144
-124
-110
-104
-121
-68
-118
-80
-66
-66
-54
-38
-3
-39
9
25
17
-35
-63
-12
-7
12
56
49
12
38
38
82
76
86
157
97
130
100
77
61
16
55
6
-23
-16
-16
15
62
60
97
140
143
119
135
151
155
145
119
107
43
73
75
77
98
124
138
179
237
266
319
308
334
374
364
356
337
343
364
363
404
431
400
384
415
451
441
424
390
391
333
273
270
218
223
183
168
117
99
119
110
111
125
177
215
215
256
256
226
266
267
303
277
307
331
366
350
292
315
326
318
351
348
358
397
373
423
385
458
441
420
462
430
450
469
467
458
423
369
382
364
337
320
288
287
273
249
321
300
356
363
371
350
335
396
403
455
435
462
490
533
534
553
566
538
569
571
530
510
498
502
476
478
456
442
394
369
325
295
311
287
273
289
313
308
356
339
296
293
373
352
347
351
331
310
286
244
272
298
250
257
254
234
221
245
179
161
150
166
146
138
136
157
198
187
208
251
262
241
264
265
273
272
297
311
292
309
302
321
331
328
281
248
264
238
200
185
174
191
192
149
155
124
150
108
99
104
166
159
75
101
39
102
86
69
47
59
129
115
144
169
168
178
157
133
135
126
194
173
153
133
198
228
208
239
251
301
292
286
257
264
204
219
172
139
130
47
49
48
68
86
78
46
3
-18
-14
-75
-103
-109
-131
-133
-147
-200
-198
-236
-253
-242
-223
-226
-219
-214
-209
-200
-197
-153
-187
-176
-149
-165
-154
-133
-185
-159
-126
-104
-74
-30
-2
33
25
9
9
14
-2
-26
6
-19
11
-1
-32
-49
-85
-86
-61
-100
-74
-121
-161
-132
-225
-197
-159
-178
-133
-90
-58
-98
-100
-85
-92
-61
-21
9
1
-11
1
49
-7
-7
17
-16
-36
-53
-41
-36
-56
-20
-32
-50
-56
-54
-43
-49
-13
-3
46
13
63
97
126
118
88
137
105
159
141
137
97
82
47
8
4
-32
-35
-93
-67
-71
-44
-19
-9
-24
-33
-38
-54
-4
15
21
22
34
22
78
97
69
66
117
141
117
121
119
112
97
123
81
127
88
63
99
11
37
44
58
56
30
38
116
111
65
95
125
118
88
104
117
82
71
76
43
32
-1
4
21
78
52
96
139
145
174
178
182
183
175
163
189
171
173
177
205
163
183
193
166
143
163
203
166
148
167
137
125
115
90
72
91
93
77
45
20
49
18
58
39
40
-32
-52
-31
-51
-82
-81
-139
-185
-106
-140
-122
-137
-179
-164
-153
-111
-60
-95
-41
-20
-37
-43
-37
2
6
7
6
-10
-36
13
-13
-52
-18
-27
-19
-60
-63
-73
-64
-91
-137
-147
-206
-217
-258
-238
-248
-202
-243
-218
-172
-218
-218
-234
-214
-205
-190
-228
-224
-240
-218
-222
-191
-170
-196
-135
-105
-124
-150
-158
-145
-143
-166
-212
-232
-215
-270
-279
-211
-208
-189
-175
-146
-154
-176
-170
-141
-138
-190
-190
-182
-147
-225
-210
-178
-158
-181
-188
-141
-206
-203
-198
-184
-230
-277
-312
-348
-310
-297
-341
-355
-346
-365
-359
-298
-275
-289
-287
-295
-274
-277
-264
-291
-306
-298
-332
-255
-251
-265
-258
-209
-190
-207
-203
-281
-292
-306
-297
-309
-337
-344
-349
-312
-294
-274
-277
-241
-232
-226
-221
-245
-223
-236
-235
-233
-239
-233
-263
-283
-270
-283
-288
-312
-275
-291
-326
-271
-319
-310
-276
-267
-269
-230
-216
-220
-224
-198
-187
-209
-152
-128
-94
-66
-31
-48
-29
-48
-33
5
0
16
11
14
-55
-7
8
-19
-74
-51
8
-45
-25
-15
-22
-25
-42
-27
-34
-40
-51
-46
-5
-73
-82
-45
-82
-62
-55
-82
-90
-87
-58
-61
-23
22
0
13
26
8
53
50
29
18
32
55
21
41
9
12
27
41
47
58
85
100
116
98
38
4
-16
-49
-73
-102
-54
-22
2
-8
51
77
70
95
104
139
121
69
42
78
118
104
114
111
109
93
118
149
180
139
163
189
147
271
485
1536
1893
1152
1019
1082
871
686
859
1093
1080
732
811
1069
1132
991
1389
1626
1409
2349
2185
2327
3276
3065
2300
1920
1562
1081
1135
740
481
608
1088
490
-470
-597
-1192
-1802
-2099
-2682
-3559
-4108
-4421
-4667
-4811
-4835
-4506
-4309
-4206
-3872
-3590
-3324
-3123
-2876
-2632
-2320
-1990
-1769
-1542
-1275
-923
-462
-61
190
333
530
485
248
112
-95
-405
-851
-1110
-1415
-1670
-1802
-1905
-1850
-1804
-1623
-1373
-1151
-938
-762
-545
-363
-191
-7
250
450
623
901
1145
1435
1558
1702
1797
1748
1701
1651
1472
1108
869
637
323
-107
-370
-559
-697
-788
-855
-798
-877
-881
-873
-954
-1141
-1328
-1539
-1885
-2262
-2692
-3107
-3499
-3813
-4029
-4042
-3843
-3532
-3212
-2811
-2157
-1544
-981
-495
-196
71
368
787
1106
1364
1754
2179
2686
3060
3340
3516
3473
3364
3205
2867
2407
2060
1522
1097
1001
1129
1168
1074
1085
1281
1595
1724
1790
1767
1723
1680
1742
1855
1988
2291
2649
2982
3319
3638
3952
4053
3908
3628
3292
2884
2457
2031
1529
1164
998
1060
1057
1149
1332
1527
1617
1559
1567
1484
1326
1058
817
614
595
618
580
558
541
651
620
482
210
-82
-385
-787
-1006
-1232
-1546
-1861
-2087
-2138
-1984
-1701
-1422
-935
-228
505
654
328
126
8
-316
-1072
-1959
-2632
-3018
-3039
-2962
-2984
-2794
-2355
-1860
-1752
-1714
-1567
-1719
-2169
-2692
-3027
-3159
-3161
-3143
-3183
-3116
-2548
-1717
-1141
-848
-380
346
939
1189
1240
1213
1139
943
617
396
252
258
147
-104
-120
215
552
455
98
-161
-208
-332
-536
-750
-870
-783
-461
-59
375
866
1398
1789
1840
1964
2012
1859
1517
993
438
135
64
-92
-221
-355
-223
-51
65
206
327
469
544
740
940
1305
1751
2204
2552
2893
3348
3735
3951
3713
3302
2838
2296
1699
806
-216
-1262
-2327
-3406
-4212
-4709
-5067
-5271
-5281
-5099
-4649
-3636
-2707
-1994
-1056
348
1581
2394
3218
3974
4297
4214
4034
3505
2599
1741
840
-447
-1620
-2212
-2450
-2835
-3184
-3273
-3189
-3001
-2538
-1896
-1251
-271
1282
2790
3824
4667
5673
6477
6493
5941
5109
4146
2970
1585
296
-835
-1685
-2235
-2638
-2880
-2860
-2410
-1949
-1615
-1272
-666
211
1050
1732
2439
3200
3950
4529
4761
4658
4391
3983
3098
1930
710
-360
-1379
-2331
-3081
-3462
-3351
-3010
-2561
-1995
-1309
-507
259
869
1437
1964
2431
2750
2950
3050
3101
3075
2753
2271
1603
860
149
-663
-1565
-2293
-2663
-2839
-2744
-2461
-1939
-1183
-456
218
824
1441
1922
2186
2330
2393
2376
2291
2090
1764
1419
1033
643
136
-410
-921
-1366
-1710
-1962
-2022
-1880
-1533
-1022
-455
214
915
1544
2031
2295
2382
2365
2256
1982
1569
1178
800
440
95
-258
-537
-770
-956
-1144
-1247
-1322
-1178
-975
-698
-274
155
637
1108
1563
1820
1991
1944
1804
1590
1253
857
398
41
-323
-577
-728
-806
-918
-946
-875
-749
-538
-430
-133
117
359
738
1013
1230
1480
1540
1530
1410
1197
1040
612
270
-10
-265
-400
-545
-586
-499
-483
-354
-202
-96
94
172
324
495
620
789
891
1005
1104
1042
979
865
626
359
88
-136
-354
-522
-554
-547
-423
-266
-134
54
240
352
406
429
473
533
543
601
636
644
661
595
512
342
144
43
-120
-298
-382
-378
-311
-205
-62
144
303
449
585
631
699
705
643
567
465
469
433
387
349
212
109
-6
-109
-171
-240
-306
-344
-276
-150
-36
106
275
470
560
590
604
549
456
369
315
228
165
125
128
118
116
142
106
63
39
49
85
123
214
307
392
492
632
706
700
716
652
595
476
327
243
148
63
51
50
61
142
163
205
251
293
318
351
405
396
483
538
568
622
635
655
612
527
406
318
245
165
113
75
66
94
139
122
224
307
314
341
362
413
393
388
347
325
342
350
300
249
202
222
205
182
186
104
135
77
67
123
157
212
247
265
282
262
248
222
204
236
194
150
138
77
53
77
41
22
4
-7
-38
-18
15
27
101
160
209
217
244
272
217
215
194
108
57
19
-28
-59
-88
-114
-144
-111
-98
-124
-48
-36
-21
-3
20
25
23
3
15
23
-50
-59
-106
-147
-182
-225
-242
-239
-227
-233
-209
-153
-86
-77
-50
7
21
34
68
106
112
130
106
63
34
23
-31
-98
-140
-179
-188
-233
-299
-264
-265
-243
-216
-204
-195
-187
-157
-173
-141
-233
-218
-229
-236
-249
-311
-309
-332
-355
-415
-447
-446
-500
-527
-505
-550
-539
-554
-474
-395
-376
-374
-378
-341
-295
-278
-352
-369
-358
-336
-328
-355
-281
-301
-367
-351
-348
-358
-397
-418
-411
-396
-335
-306
-367
-350
-291
-283
-284
-315
-324
-332
-368
-350
-370
-372
-328
-358
-387
-334
-355
-323
-346
-357
-337
-331
-321
-374
-378
-385
-410
-454
-397
-405
-419
-418
-374
-350
-342
-363
-328
-273
-305
-324
-366
-340
-353
-322
-308
-317
-287
-232
-243
-248
-232
-219
-246
-292
-285
-331
-310
-285
-287
-324
-301
-259
-300
-292
-367
-337
-279
-284
-299
-316
-277
-275
-264
-235
-258
-322
-305
-355
-383
-426
-418
-432
-479
-482
-467
-435
-424
-396
-403
-418
-413
-360
-361
-364
-328
-286
-321
-314
-344
-342
-374
-401
-399
-446
-408
-405
-387
-361
-354
-340
-321
-327
-296
-301
-276
-262
-275
-243
-213
-287
-294
-266
-264
-250
-207
-193
-314
-326
-269
-245
-252
-265
-242
-198
-194
-168
-186
-215
-194
-203
-221
-189
-176
-210
-321
-314
-221
-209
-219
-231
-234
-282
-231
-261
-307
-317
-270
-257
-294
-271
-312
-391
-482
-502
-463
-421
-462
-556
-559
-459
-337
-260
-242
-254
-254
-285
-296
-343
-479
-451
-433
-476
-474
-386
-278
-292
-320
-282
-240
-310
-385
-486
-603
-624
-613
-564
-530
-535
-539
-540
-472
-414
-332
-308
-379
-459
-468
-343
-290
-306
-306
-347
-397
-337
-301
-386
-526
-550
-548
-656
-609
-519
-479
-653
-805
-650
-375
-162
-179
-275
-299
-149
-123
-146
-237
-355
-369
-498
-607
-594
-484
-464
-567
-711
-768
-732
-608
-497
-408
-336
-359
-311
-92
70
70
-13
-182
-254
-338
-542
-694
-609
-562
-750
-718
-595
-573
-475
-357
-497
-628
-458
-366
-387
-408
-276
-176
-185
-171
-162
-218
-428
-478
-543
-859
-896
-749
-709
-796
-758
-641
-565
-493
-454
-487
-562
-380
-240
-201
-213
-141
-146
-145
-77
-102
-223
-387
-629
-930
-921
-718
-548
-548
-530
-406
-150
105
113
-138
-277
-305
-418
-448
-254
-4
-59
-263
-239
-19
-151
-593
-969
-605
983
2997
3730
2659
1178
96
-1138
-2825
-4236
-5310
-6112
-5947
-4651
-2639
-402
1435
2398
2703
3088
3779
3901
2920
1714
1006
664
595
656
273
-635
-1605
-2424
-3118
-3558
-3605
-3550
-3363
-2607
-1073
626
2006
2805
3027
3014
2874
2584
1896
899
-101
-866
-1321
-1455
-1402
-1283
-1410
-1750
-1828
-1592
-1159
-722
-298
190
981
2138
3151
3777
3849
3423
2765
1915
1049
209
-601
-1303
-1730
-1739
-1330
-707
-158
228
560
918
1316
1656
1825
1866
1863
1905
1943
1899
1449
460
-961
-2541
-3964
-5009
-5636
-5863
-5476
-4377
-2476
-216
2005
3751
4816
5277
5206
4743
3815
2558
1276
221
-551
-1078
-1411
-1607
-1966
-2563
-2991
-3152
-3147
-2893
-2398
-1577
-388
1189
2675
3568
4091
4063
3446
2409
1062
-390
-1975
-3367
-4350
-4603
-3569
-1191
1373
2684
2889
3209
3772
3473
2292
1004
31
-614
-647
-24
744
1316
1505
1227
502
-143
-452
-827
-1527
-1869
-1247
118
1601
2781
3514
3638
3439
2955
2130
1058
130
-581
-1067
-1020
-430
394
902
1033
932
811
764
714
509
297
287
585
1107
1447
1562
1318
633
-377
-1242
-1641
-1667
-1494
-912
903
3980
6861
7855
7169
5613
3274
-205
-4859
-9358
-12241
-13101
-12451
-10403
-6879
-2458
1672
4465
5833
6457
6461
5336
3496
1703
754
746
898
632
165
-317
-1114
-2475
-4208
-5547
-6106
-5997
-5269
-3652
-1050
1915
4358
5756
5853
4842
3188
1357
-48
-738
-788
-422
264
1270
2137
2285
1521
270
-1408
-3039
-4038
-4206
-3550
-2263
-181
2099
4002
5261
5771
5325
3930
2046
288
-1122
-1975
-2156
-1870
-1210
-321
572
933
802
315
-304
-826
-1080
-867
-149
853
1941
3011
3791
4069
3769
2829
1518
121
-1124
-1890
-2183
-1874
-1201
-309
564
1336
1816
1804
1436
890
662
1731
4402
6864
7415
6832
6463
5880
4251
1126
-2977
-7201
-10459
-12601
-13739
-13556
-12201
-9729
-6898
-3574
325
3901
5910
6288
6158
5624
5009
4155
2586
737
-593
-1541
-2606
-3719
-4814
-5631
-6203
-6327
-5870
-4730
-3127
-1391
426
2145
4051
6238
7801
7655
6389
5414
4958
3843
1467
-806
-2126
-3090
-4183
-4836
-4723
-4286
-3756
-3013
-1848
-307
1646
3418
4402
4964
5706
6256
5902
4772
3352
1841
238
-1259
-2468
-3315
-3641
-3600
-3357
-2770
-1744
-461
711
1552
2343
3318
4178
4764
4927
4667
4168
3442
2439
1235
-1
-1104
-2121
-2966
-3297
-3052
-2368
-1553
-765
187
1286
2281
2937
3264
3288
3066
2599
2012
1445
912
393
-129
-496
-237
1272
3718
5957
7166
7600
7226
5992
4146
1944
-543
-3268
-5632
-7318
-8034
-7786
-6758
-5598
-4455
-3274
-2446
-2292
-2737
-3273
-3935
-4302
-3980
-2926
-1681
-455
757
1551
1779
1403
528
-906
-2434
-3454
-3636
-2976
-1510
393
1914
2834
3477
3976
3870
3018
1879
647
-495
-1185
-1267
-936
-413
-8
-29
-260
-299
-156
-236
-600
-871
-564
197
1133
2101
2762
2936
2844
2563
1983
1254
431
-472
-1324
-1796
-1688
-1109
-493
-11
440
820
1232
1634
1762
1689
1667
1764
2075
2312
2561
2759
2502
1998
1418
799
152
-399
-918
-1219
-1096
-577
74
629
1050
1296
1413
1365
1196
890
529
338
330
583
1955
4962
8120
9356
8842
7291
4677
1201
-2834
-7050
-10553
-12181
-11614
-9353
-5836
-1608
2101
4368
5435
5707
5026
3119
252
-2716
-4964
-5987
-6498
-7536
-9033
-10188
-10749
-10828
-10276
-9223
-7863
-6015
-3578
-742
2089
4715
6676
7739
8297
8340
7516
5837
3970
2128
259
-1525
-3250
-5086
-6686
-7625
-7801
-7317
-6089
-4180
-2049
510
3357
5986
7855
8646
8530
7553
6032
4239
2050
-242
-2184
-3590
-4448
-4704
-4453
-3932
-3246
-2411
-1311
-122
1186
2469
3635
4709
5571
6178
6366
5842
4741
3258
1554
-106
-1644
-2910
-3763
-3928
-3459
-2494
-1256
114
1381
2407
3021
3461
4259
5794
8001
9708
10037
9103
7532
5539
2658
-1193
-5356
-8889
-10851
-11105
-9797
-7243
-3859
-340
2818
5351
6844
7033
5728
3382
667
-1963
-4481
-6718
-8737
-10449
-11678
-12468
-12841
-12898
-12442
-11240
-9196
-6626
-3849
-1174
1070
2822
4202
5227
5858
6175
6106
5187
3475
1922
1118
886
383
-1278
-3640
-5467
-6041
-6067
-5964
-5329
-3851
-1699
794
3651
6371
8194
8592
7833
7586
10121
13676
12226
3847
-4660
-7718
-7976
-9780
-12465
-12888
-10392
-5842
-616
4267
8065
10347
10436
8347
6761
7250
7314
4393
362
-1310
-523
420
-241
-2721
-5270
-6141
-5485
-4703
-3907
-2186
251
2601
4884
7449
10110
12647
14424
14086
11306
8230
5549
2431
-1663
-5817
-8461
-9320
-8617
-7341
-5404
-2722
289
3089
5079
6617
7637
7436
5828
3747
1916
155
-1771
-4370
-7322
-9550
-10619
-11357
-12229
-12927
-12864
-11684
-9839
-7758
-5841
-4224
-3382
-2991
-2640
-2213
-1751
-1520
-1351
-847
295
1731
2636
2225
869
-702
-2028
-2793
-2199
-423
836
847
709
1434
2163
1939
633
-1009
-2118
-2288
-1563
-477
791
2008
2961
3402
3593
3797
3304
2142
825
131
362
959
1503
1690
1703
1762
1721
1339
583
-117
-553
-725
-307
650
1830
2750
3161
3335
3494
3531
3111
2178
927
58
576
2435
4861
7185
9066
9850
8991
7357
5427
3108
462
-2091
-3841
-4255
-3418
-2084
-817
112
998
2040
2872
3266
3152
2586
1664
860
308
-592
-1969
-4020
-6550
-8928
-10651
-12005
-13201
-13767
-12652
-7781
-333
4191
2046
-2781
-5380
-6678
-8878
-12277
-14429
-13634
-9889
-4631
427
5088
7939
7977
5359
2234
552
-1149
-4029
-6141
-4163
803
5288
6748
5177
2916
888
-1423
-4464
-7034
-7791
-6454
-3663
370
4823
8260
9178
7755
5813
4173
2982
1184
-961
-2078
-1223
1039
2845
3246
2565
1740
560
-1035
-2246
-2561
-2048
-1051
425
2661
5342
7287
7451
6067
4281
2715
1455
902
1394
2662
4565
6682
8260
8808
8700
8022
6120
3069
159
-1482
-2109
-2101
-1615
-526
967
2627
3903
4204
3898
3333
2670
1677
799
333
-259
-1304
-2676
-4225
-5787
-7361
-9250
-11281
-12641
-12441
-11209
-9837
-8468
-7085
-5659
-4351
-3465
-3686
-5443
-7953
-9725
-10087
-9359
-7496
-4877
-1689
1641
4283
5593
5310
4113
2127
-235
-2508
-3667
-2497
396
3171
4308
4347
4163
3410
1562
-1006
-3199
-4337
-4058
-2263
491
3459
5938
7298
7389
6614
5670
4189
1963
-35
-583
253
1424
2489
3007
3084
2858
2158
936
-273
-695
-686
-303
885
2757
4782
5934
6013
5216
4158
3273
2985
3805
5213
6474
7135
7533
7525
7273
6665
5560
4314
2714
1316
412
215
587
1157
1858
2304
2856
3390
3556
3309
2830
2329
1885
1677
1200
239
-928
-2142
-3686
-5616
-7544
-8905
-9679
-10109
-10260
-9968
-9027
-7655
-6291
-5674
-5683
-6124
-7026
-8413
-10012
-10702
-10376
-9301
-7894
-5917
-2717
757
3323
3937
3188
2223
1671
1245
88
-1054
-1456
-23
2880
5326
5772
4147
2027
93
-1647
-3074
-3858
-3856
-2758
-508
2541
5650
7716
8100
6926
5256
4148
3459
2437
1389
1100
1551
2262
2850
2810
1874
536
-638
-1277
-1261
-489
876
2182
3532
4854
5882
6090
5129
3513
1967
1566
2723
4620
6108
7184
7908
7785
6970
5691
4070
2492
1579
1654
2251
3159
3923
4189
4026
3571
3251
2774
1896
1059
933
1477
2283
3067
2842
1717
281
-1476
-3602
-5744
-7525
-9129
-9859
-9559
-8632
-7833
-7633
-7721
-7672
-7172
-6767
-7021
-7928
-9098
-10261
-10240
-7331
-2967
-1236
-3511
-5718
-4733
-2356
-1123
-2099
-3579
-3989
-2847
-1415
-760
-297
55
1175
2865
5197
7170
6884
4531
1607
-96
-715
-886
-1484
-2586
-2654
-995
1357
2765
2957
2422
2099
2465
3421
4356
4615
4362
4072
4258
4609
4465
3127
1039
-935
-1863
-1552
-755
67
567
1153
1939
2915
3585
3515
2941
2487
2973
4436
6059
6862
6854
7072
7448
7020
5512
3497
1991
1549
2245
3432
4469
4849
4602
3969
3176
2670
2127
1519
968
918
1746
2773
3242
2872
2091
1317
445
-980
-3031
-4950
-6230
-6949
-7313
-7577
-8022
-8824
-9585
-9778
-9393
-8740
-8335
-7833
-6883
-6013
-5829
-6656
-7713
-8763
-9291
-9049
-7811
-5490
-3239
-1205
555
2214
3074
2619
1205
-305
-892
-1180
-1547
-1929
-1382
898
3779
5342
4631
3017
1613
608
13
-370
-253
428
1463
2490
3551
4606
4725
3786
2339
1315
1548
2391
2874
2777
2854
3235
3656
3628
2707
1516
664
442
735
1293
1926
2526
3050
3351
3410
3366
3183
3188
3709
4354
4821
5688
7274
8674
8627
6960
5159
4140
3663
3186
2825
3324
4454
5243
4912
3936
3061
2401
1720
913
561
1113
2103
2634
2570
2176
1543
442
-1588
-4109
-6343
-8044
-9307
-10100
-10147
-9363
-8012
-6853
-6387
-6379
-6364
-6554
-7120
-7803
-8417
-8861
-9321
-9871
-10069
-9536
-8208
-6858
-5929
-4657
-2581
66
1990
2530
2276
2203
2455
2126
1067
49
-44
922
2137
2649
2186
1345
476
-645
-1532
-1584
-865
52
967
2099
3618
5221
5842
5217
4010
3094
2848
2829
2659
2417
2400
2593
2508
2030
1255
420
-272
29
2660
6908
9555
8359
5579
3560
2231
821
-1458
-3865
-3956
-1005
2594
5117
7029
8280
8116
6732
4726
3703
4285
4998
4714
4679
6152
7679
7257
4140
-44
-2819
-3541
-3360
-3094
-2191
-108
2624
4630
5073
4334
2553
-273
-3356
-5568
-6519
-6538
-6554
-7410
-8412
-8618
-8516
-9263
-10587
-11459
-11087
-9535
-7468
-5817
-5261
-5461
-6674
-8397
-9488
-9640
-9343
-8919
-7653
-5179
-1502
2217
4082
3908
2860
1585
322
-838
-2108
-3050
-3019
-2071
-293
2120
3835
3665
2096
362
-672
-495
220
566
985
1918
3218
4341
4684
3912
2464
1284
591
522
1196
2175
2761
2858
2800
2812
2831
2194
873
-355
-720
-5
1307
2508
3062
3382
3482
3244
2906
2723
3139
3404
3723
4874
6578
7775
7395
5779
4270
3592
3479
3331
3228
3567
4178
4432
4061
3308
2476
1801
626
-495
-734
51
1154
1626
1475
1016
478
-734
-2728
-4821
-6344
-7219
-7828
-8467
-9053
-8885
-8173
-7993
-8521
-8957
-8810
-8295
-7942
-8168
-8481
-8221
-7668
-7278
-7124
-7067
-6699
-5981
-4700
-2782
-621
1020
1792
2101
2335
2621
2354
1007
-1068
-2518
-2492
-1069
904
2440
2888
2364
1611
1001
689
479
246
0
616
2401
4285
5317
5121
3995
2755
2033
1633
1259
1083
1383
2065
2796
3333
3387
2813
1699
382
-302
-205
554
1540
2201
2748
3329
3904
3878
3185
2473
2826
4684
6960
8451
8391
7280
6001
4841
3800
2848
2444
2939
3829
4616
4874
4573
3779
2285
531
-975
-1416
-641
812
2074
2836
3321
3253
2461
752
-1486
-3722
-5344
-6426
-7322
-8038
-8699
-9335
-10066
-10741
-11331
-11414
-10413
-8583
-6761
-5850
-5777
-6342
-6869
-7208
-7376
-7323
-7239
-6610
-5394
-3501
-1423
385
1398
1277
566
-8
-226
-324
-440
-494
-388
350
1675
2997
3826
3443
1998
487
-187
-72
567
1405
2006
2551
3166
3492
3433
2873
2034
1180
923
1331
2003
2778
3226
3268
2995
2632
2174
1526
828
384
384
947
1691
2433
2819
2744
2398
2081
1719
1519
2570
4545
6537
7909
8498
7792
6257
4848
3470
2378
2337
3516
4935
5734
5805
5025
3686
1963
111
-1312
-2075
-1483
-24
1410
2412
3109
3138
2000
187
-1942
-3839
-4957
-5454
-6251
-7350
-8137
-8493
-8896
-9699
-10733
-11550
-11569
-10662
-9214
-7932
-6922
-6301
-6109
-6373
-7208
-7763
-7991
-7971
-7329
-5752
-3214
-548
1556
2197
1694
1018
478
2
-765
-1271
-926
957
3600
5424
5706
4326
2212
118
-1244
-1882
-1703
-691
555
1997
3250
4009
4063
3354
2241
1143
810
1474
2879
4324
5180
5331
4897
4229
3147
1759
428
-510
-611
125
1271
2344
3045
3114
2641
1934
1165
1267
2765
4994
6836
7783
8328
7943
6962
5920
4744
3694
3199
3778
4704
5553
5806
5100
3700
1911
675
-139
-569
-404
-6
674
1296
2140
2513
1983
1016
-335
-1694
-2938
-3845
-4754
-6007
-7429
-8851
-9948
-10357
-10381
-10436
-10360
-9872
-8980
-8081
-7534
-7496
-7901
-8375
-8745
-8545
-7896
-6844
-5491
-4025
-2517
-1260
-86
682
1309
1816
2128
2345
2201
1969
1683
1602
2024
2698
3158
2776
1778
667
-203
-433
-84
448
789
1090
1661
2576
3464
3850
3861
3456
3226
3444
3909
4462
4717
4589
4134
3505
2868
2337
1749
1328
909
598
594
1052
1717
2052
2144
2050
1880
2294
3928
6162
7598
7832
7834
7779
7385
6793
5962
4971
4237
4330
5076
5791
6050
5460
4076
2217
695
18
-73
239
640
860
1025
1466
1995
1718
729
-453
-1648
-2561
-3279
-3896
-4686
-5885
-7168
-8313
-8978
-9325
-9777
-10135
-10188
-9600
-8846
-8210
-7961
-8083
-8737
-9581
-9880
-9584
-8605
-7266
-5475
-3466
-1332
645
2109
2840
2786
2313
1992
2044
2127
2328
2504
2858
3460
3787
3331
2095
813
-430
-1347
-1780
-1389
-428
601
1578
2246
2699
2860
3089
2984
2829
2960
3469
4300
5183
5842
5759
5144
4168
3164
2042
1147
593
470
582
678
977
1185
1223
938
531
142
1004
3381
6334
8453
8998
8690
7667
6839
6209
5539
4793
4149
4518
5200
5650
5431
4501
2992
910
-745
-1702
-1687
-776
550
1418
1688
1914
2118
1787
740
-849
-2527
-3647
-4310
-4489
-4943
-5867
-7184
-8514
-9660
-10747
-11294
-11441
-11121
-10455
-9727
-9339
-9429
-9583
-9874
-10300
-10609
-10332
-9504
-8034
-5761
-2922
-103
1909
3322
4065
4242
3954
3499
3060
2778
3104
4096
5137
5411
4764
3195
1150
-835
-2267
-3074
-3240
-2713
-1532
-71
1193
2257
2985
3211
3092
2965
3044
3521
4558
5812
6783
7251
7117
6390
5141
3646
2162
860
-62
-375
-129
355
800
1112
1170
771
275
583
1956
3706
5218
6568
7695
8274
8303
7982
7620
7002
6455
6018
5646
5015
4169
3525
2579
1492
353
-557
-1249
-1449
-1165
-853
-490
-5
432
472
204
-166
-492
-1156
-1835
-2625
-3623
-4786
-6224
-7378
-8488
-9316
-9993
-10520
-10790
-10669
-9931
-9342
-9152
-9564
-10164
-10669
-10842
-10458
-9674
-8556
-7216
-5149
-2762
-499
1428
2946
3959
4267
4356
4273
4435
5043
6096
7002
6830
5815
4287
2665
889
-845
-2182
-3171
-3536
-3132
-2130
-1107
-181
566
1041
1173
1233
1712
2480
3523
4632
5673
6432
7047
7493
7294
6445
5163
3801
2561
1542
851
528
319
154
118
8
-161
-360
-318
538
2162
4083
5569
6623
7201
7408
7601
7615
7755
7642
7268
6777
6063
5232
4270
3426
2282
859
-564
-1638
-2050
-1986
-1688
-1564
-1410
-1242
-934
-674
-801
-1210
-1927
-2941
-3982
-4838
-5741
-6493
-7399
-8455
-9342
-10016
-10147
-9794
-9317
-9079
-9177
-9516
-9924
-10093
-10117
-10173
-10083
-9730
-8779
-7093
-4795
-2333
-247
1382
2581
3512
4045
4379
4432
4310
4464
4928
5760
6249
6086
5309
4027
2503
926
-537
-1645
-2388
-2744
-2768
-2466
-1818
-941
10
575
899
1111
1453
1959
2727
3489
4188
4880
5443
5970
6222
6107
5609
4864
3801
2643
1681
995
571
292
211
551
1403
2791
4104
4793
4610
3946
3474
3259
3403
3599
4103
4744
5353
5956
6213
6105
5521
4614
3122
1476
333
-180
-155
-38
19
-10
-40
-155
-448
-1185
-2249
-3516
-4718
-5770
-6669
-7293
-7881
-8394
-8994
-9428
-9625
-9612
-9549
-9687
-10036
-10386
-10392
-10265
-10155
-10073
-9802
-9358
-8798
-8016
-6906
-5283
-3509
-1890
-565
511
1641
2736
3650
4088
4163
4367
4838
5590
5903
5616
4969
4142
3223
2142
1064
134
-475
-1004
-1436
-1718
-1641
-1136
-600
-245
-132
96
588
1237
2011
2567
2986
3397
3856
4305
4562
4717
4756
4618
4229
3713
3297
2916
2496
1899
1142
568
338
370
915
2233
3967
5201
5437
5211
4859
4905
4852
4681
4364
3799
3554
3373
3557
3523
3473
3322
2812
2116
1233
747
510
348
-78
-431
-654
-703
-558
-799
-1289
-2143
-3160
-4266
-5433
-6620
-7725
-8612
-9401
-9824
-10064
-9859
-9392
-8850
-8428
-8333
-8400
-8784
-9197
-9624
-9834
-9861
-9534
-8644
-7120
-5117
-2997
-893
865
2335
3216
3867
4269
4260
4148
4125
4587
5106
5547
5835
5947
5723
5188
4376
3308
2177
855
-303
-1298
-1926
-2192
-2014
-1470
-933
-291
336
1044
1661
2166
2411
2430
2433
2534
2835
3117
3665
4284
4808
5165
5344
5408
5172
4642
3895
3149
2787
2957
3344
3760
4105
4399
4566
4637
4593
4417
4178
3640
2946
2282
1802
1755
1967
2202
2114
2062
2066
2181
2350
2196
1825
1283
773
264
-58
-503
-929
-1380
-2007
-2702
-3453
-4180
-5072
-6181
-7538
-8769
-9772
-10305
-10549
-10745
-10751
-10699
-10442
-10173
-9930
-9746
-9711
-9815
-9963
-9895
-9412
-8220
-6663
-4886
-2967
-885
1424
3547
5343
6456
7096
7520
7721
7896
7719
7255
6649
5992
5337
4690
4123
3533
2873
2043
1099
126
-682
-1334
-1946
-2534
-2983
-3044
-2638
-1902
-1007
-151
753
1609
2379
2982
3495
3866
3996
4130
4097
4192
4415
4656
4806
4737
4542
4321
4289
4581
5091
5364
5135
4628
4138
3890
3736
3486
3200
2690
2151
1768
1560
1530
1508
1438
1252
939
757
801
1010
1138
1098
999
1014
1138
1253
1358
1139
612
-126
-934
-1799
-2712
-3690
-4884
-6316
-7666
-8712
-9368
-9729
-10049
-10288
-10529
-10639
-10565
-10401
-10352
-10477
-10793
-11024
-10983
-10565
-9709
-8513
-7088
-5540
-3718
-1632
663
2813
4624
5970
6929
7688
8356
8866
9015
8756
8144
7484
6783
6191
5589
4891
4096
3127
2227
1339
604
-61
-832
-1683
-2432
-2949
-3132
-2991
-2721
-2266
-1830
-1228
-434
468
1353
2127
2802
3255
3660
3966
4290
4581
4626
4569
4715
5212
6096
7124
7660
7806
7692
7589
7411
6909
6161
4900
3584
2167
973
140
-469
-779
-1078
-1224
-1325
-925
-288
201
550
534
529
627
776
695
403
-43
-637
-1055
-1473
-1853
-2192
-2708
-3521
-4476
-5309
-5975
-6531
-7240
-8144
-9091
-9839
-10256
-10472
-10680
-10912
-11068
-11127
-11032
-10742
-10284
-9471
-8461
-7381
-6066
-4435
-2509
-513
1334
2872
4280
5629
7092
8472
9513
10142
10350
10345
10148
9811
9221
8427
7413
6250
5089
4072
3138
2270
1427
551
-302
-1080
-1603
-1971
-2332
-2706
-2932
-2986
-2883
-2593
-2197
-1688
-1161
-602
121
905
1809
2604
3358
4015
4536
5220
6140
7310
8107
8428
8599
8838
9071
9149
8857
8236
7310
6136
4902
3732
2655
1532
504
-535
-1370
-1806
-1739
-1485
-1390
-1337
-1215
-890
-425
-118
-23
-135
-382
-702
-1117
-1527
-1906
-2356
-2992
-3697
-4331
-4699
-4965
-5324
-5856
-6431
-6953
-7266
-7505
-7977
-8534
-9023
-9513
-9902
-10166
-10399
-10473
-10361
-9929
-9271
-8236
-6746
-5091
-3329
-1533
252
2121
3892
5553
6979
8095
9018
9687
10133
10299
10287
9954
9514
8913
8169
7445
6631
5809
4933
4073
3178
2310
1421
505
-429
-1311
-2169
-2831
-3343
-3773
-4090
-4232
-4216
-4068
-3716
-3266
-2604
-1907
-1126
-251
696
1598
2705
3985
5264
6457
7369
8138
8860
9522
9977
10155
10003
9607
9008
8048
6918
5969
4821
3514
2340
1125
107
-417
-889
-1439
-1753
-2111
-2331
-2185
-2218
-2383
-2439
-2769
-3229
-3589
-4092
-4570
-4987
-5508
-6022
-6321
-6527
-6484
-6329
-6390
-6298
-6213
-6195
-6108
-6117
-6349
-6705
-7074
-7688
-8170
-8576
-9042
-9159
-9258
-9128
-8617
-7683
-6416
-4930
-3378
-1827
-18
1718
3407
4904
6233
7278
7926
8418
8645
8658
8567
8260
7799
7281
6744
6271
5837
5344
4754
4225
3680
3127
2566
1851
1109
259
-626
-1479
-2366
-3088
-3796
-4313
-4728
-5090
-5136
-4896
-4482
-3884
-3125
-2297
-1217
-133
1069
2535
4040
5442
6540
7325
8144
8979
9661
9955
9893
9584
9106
8543
7691
6790
5844
4836
3715
2579
1612
908
338
-291
-968
-1522
-1889
-2060
-2293
-2731
-3242
-3742
-4246
-4835
-5296
-5811
-6300
-6716
-7168
-7458
-7533
-7351
-7160
-7014
-6820
-6580
-6158
-5813
-5630
-5641
-5739
-5966
-6190
-6491
-6844
-7140
-7490
-7623
-7621
-7263
-6632
-5719
-4644
-3418
-2014
-467
1139
2743
4274
5529
6628
7500
8177
8600
8846
8790
8465
7932
7343
6794
6130
5517
4923
4355
3834
3324
2943
2572
2168
1660
1116
588
-51
-597
-1295
-1991
-2578
-3189
-3706
-4093
-4311
-4388
-4218
-3897
-3397
-2625
-1622
-412
893
2211
3425
4654
5958
7130
8147
8959
9442
9649
9602
9339
8904
8192
7365
6431
5311
4234
3237
2342
1532
658
-114
-717
-1154
-1552
-1955
-2312
-2697
-3060
-3454
-3895
-4402
-4857
-5319
-5842
-6360
-6748
-7031
-7224
-7300
-7305
-7188
-7058
-6725
-6316
-5922
-5573
-5247
-4906
-4692
-4550
-4579
-4696
-4904
-5193
-5427
-5576
-5636
-5567
-5369
-4999
-4483
-3699
-2704
-1662
-504
635
1879
3126
4320
5342
6130
6786
7245
7600
7613
7464
7189
6755
6197
5601
4989
4368
3888
3344
2831
2362
1925
1618
1374
1085
791
492
184
-131
-502
-895
-1250
-1663
-2020
-2342
-2614
-2737
-2750
-2677
-2512
-2090
-1335
-268
794
1816
2888
4053
5287
6403
7352
8000
8326
8403
8283
8003
7446
6657
5590
4344
2964
1663
569
-527
-1605
-2584
-3265
-3603
-3674
-3586
-3427
-3190
-2889
-2568
-2321
-2289
-2441
-2923
-3584
-4300
-5040
-5664
-6211
-6743
-7203
-7465
-7481
-7236
-6802
-6322
-5867
-5362
-4899
-4386
-3868
-3613
-3437
-3414
-3558
-3677
-3838
-3947
-4091
-4251
-4316
-4203
-3891
-3373
-2745
-2006
-1117
-182
871
2021
3166
4244
5155
5885
6497
6989
7334
7501
7364
7048
6611
6016
5392
4743
4036
3267
2571
2006
1542
1174
903
686
572
435
356
380
354
312
186
83
-53
-242
-384
-533
-589
-500
-410
-211
113
543
1106
1718
2404
3026
3682
4341
4830
5240
5485
5565
5439
5083
4562
3892
3087
2191
1236
154
-789
-1439
-1907
-2158
-2260
-2166
-1939
-1723
-1558
-1452
-1421
-1503
-1740
-2144
-2562
-2979
-3445
-3918
-4312
-4658
-4921
-5024
-5110
-5121
-4999
-4881
-4672
-4467
-4263
-4075
-3940
-3863
-3823
-3812
-3821
-3733
-3731
-3713
-3699
-3674
-3529
-3399
-3157
-2914
-2560
-2058
-1557
-870
-175
558
1301
2018
2732
3389
4052
4614
5121
5548
5828
6029
6135
6093
5967
5743
5375
5000
4593
4167
3727
3267
2877
2460
2094
1744
1445
1208
1033
825
683
621
568
533
444
455
535
713
860
937
1084
1333
1547
1825
2078
2252
2395
2527
2657
2768
2813
2742
2598
2379
2166
1886
1637
1345
1001
668
340
108
-72
-263
-427
-608
-784
-932
-1124
-1205
-1321
-1540
-1716
-1973
-2108
-2204
-2375
-2525
-2704
-2858
-2961
-3009
-3026
-3017
-3052
-3022
-3050
-2983
-2874
-2885
-2927
-2972
-2981
-2993
-3018
-3074
-3096
-3196
-3257
-3287
-3338
-3285
-3253
-3195
-3051
-2959
-2686
-2386
-2056
-1680
-1306
-825
-339
186
689
1278
1801
2316
2820
3252
3638
3976
4208
4348
4392
4433
4470
4303
4101
3803
3521
3243
2941
2632
2295
1992
1728
1540
1392
1302
1272
1275
1282
1268
1318
1383
1470
1511
1532
1553
1562
1556
1531
1509
1446
1401
1259
1220
1164
1100
1036
878
807
679
612
613
532
419
292
144
42
-56
-193
-345
-537
-654
-799
-989
-1110
-1209
-1315
-1456
-1595
-1656
-1641
-1711
-1830
-1907
-2000
-2084
-2114
-2120
-2105
-2126
-2201
-2214
-2222
-2207
-2215
-2254
-2276
-2313
-2342
-2415
-2398
-2410
-2469
-2540
-2596
-2650
-2633
-2642
-2664
-2643
-2652
-2636
-2538
-2354
-2243
-2092
-1917
-1639
-1365
-991
-595
-222
187
618
1074
1498
1910
2257
2573
2825
3082
3243
3407
3470
3456
3414
3304
3168
2997
2854
2717
2553
2392
2274
2183
2162
2151
2152
2157
2140
2131
2149
2148
2075
1922
1763
1591
1428
1249
1060
872
665
503
382
283
157
84
13
-73
-114
-142
-180
-206
-230
-279
-293
-371
-395
-487
-602
-628
-733
-829
-894
-904
-986
-1007
-1084
-1149
-1198
-1229
-1210
-1285
-1283
-1285
-1227
-1265
-1315
-1336
-1402
-1359
-1384
-1423
-1457
-1473
-1533
-1611
-1600
-1688
-1676
-1694
-1749
-1727
-1753
-1795
-1860
-1839
-1866
-1859
-1867
-1892
-1872
-1858
-1834
-1773
-1641
-1566
-1366
-1153
-924
-637
-299
49
395
786
1114
1481
1866
2215
2592
2871
3077
3275
3380
3461
3539
3559
3477
3449
3377
3263
3173
3099
3029
2967
2904
2814
2780
2718
2703
2658
2607
2548
2420
2302
2158
1976
1719
1543
1366
1177
993
804
658
539
452
309
251
162
59
-22
-100
-166
-209
-203
-314
-440
-509
-550
-665
-817
-915
-984
-1033
-1116
-1150
-1170
-1211
-1265
-1327
-1339
-1341
-1347
-1395
-1392
-1380
-1414
-1405
-1445
-1524
-1568
-1599
-1521
-1491
-1520
-1527
-1565
-1538
-1562
-1595
-1638
-1675
-1616
-1605
-1628
-1642
-1672
-1671
-1735
-1739
-1785
-1850
-1837
-1860
-1810
-1751
-1666
-1510
-1354
-1163
-923
-684
-390
-97
216
560
876
1220
1552
1806
2083
2299
2469
2631
2759
2868
2949
3018
2979
2983
2954
2881
2859
2827
2783
2782
2717
2696
2660
2570
2526
2485
2442
2363
2260
2076
1898
1724
1473
1291
1099
884
761
546
384
199
87
8
-84
-158
-232
-320
-403
-535
-619
-662
-786
-802
-872
-1054
-1193
-1232
-1389
-1536
-1630
-1724
-1833
-1885
-1910
-1997
-2092
-2073
-2075
-2141
-2152
-2186
-2258
-2309
-2330
-2319
-2322
-2394
-2390
-2439
-2473
-2520
-2522
-2464
-2490
-2492
-2563
-2587
-2611
-2645
-2635
-2680
-2646
-2650
-2625
-2663
-2622
-2554
-2460
-2336
-2231
-1921
-1648
-1312
-984
-621
-190
259
695
1147
1657
2131
2592
2988
3290
3595
3861
4016
4156
4224
4221
4158
4099
3964
3829
3730
3594
3488
3336
3242
3142
3094
3070
3050
2980
2823
2763
2653
2459
2263
2036
1773
1525
1261
1041
827
618
477
285
201
139
48
11
-28
-100
-161
-195
-315
-366
-501
-672
-821
-945
-1102
-1282
-1449
-1660
-1792
-1935
-2117
-2302
-2333
-2432
-2510
-2565
-2646
-2699
-2757
-2816
-2856
-2904
-2961
-3025
-3117
-3128
-3184
-3226
-3263
-3314
-3375
-3402
-3464
-3503
-3517
-3545
-3581
-3638
-3649
-3663
-3675
-3658
-3636
-3566
-3337
-3051
-2694
-2281
-1738
-1159
-546
153
843
1653
2445
3212
3914
4581
5173
5678
6093
6345
6495
6467
6365
6149
5905
5519
5081
4700
4247
3801
3431
3124
2850
2633
2408
2291
2195
2104
2042
1947
1790
1576
1351
1046
713
515
418
399
451
534
733
1106
1596
2086
2559
3028
3432
3706
3874
3938
3814
3492
3060
2419
1725
1102
483
-85
-653
-1126
-1441
-1579
-1622
-1617
-1568
-1589
-1690
-1760
-1909
-2196
-2500
-2973
-3513
-4064
-4608
-5006
-5318
-5567
-5794
-5903
-5847
-5701
-5542
-5416
-5237
-5129
-5072
-5043
-5060
-5169
-5394
-5657
-6019
-6338
-6556
-6702
-6678
-6540
-6286
-5808
-5088
-4097
-3010
-1771
-468
961
2399
3743
5048
6122
7060
7733
8190
8426
8477
8362
8031
7572
7048
6525
6014
5582
5148
4730
4440
4180
3978
3743
3521
3280
2932
2482
1958
1331
641
-45
-817
-1493
-2132
-2572
-2696
-2525
-2096
-1540
-772
203
1366
2557
3685
4752
5627
6273
6641
6759
6639
6249
5623
4830
3906
2932
2110
1390
738
221
-238
-462
-497
-575
-605
-701
-890
-1225
-1708
-2297
-3034
-3883
-4884
-5957
-6979
-7841
-8488
-8982
-9348
-9564
-9484
-9216
-8823
-8294
-7778
-7221
-6811
-6642
-6650
-6820
-7172
-7681
-8288
-8798
-9082
-9103
-8844
-8322
-7433
-6196
-4545
-2576
-374
1952
4135
6094
7776
9108
10135
10730
10788
10404
9760
8972
8094
7318
6590
5969
5560
5392
5414
5603
5873
6060
6072
5788
5337
4622
3617
2415
900
-748
-2316
-3754
-4832
-5600
-6013
-6015
-5525
-4525
-3073
-1349
484
2277
3873
5350
6450
7186
7540
7568
7292
6748
6147
5587
5128
4750
4582
4576
4727
5009
5357
5622
5593
5279
4704
3869
2673
1256
-329
-2006
-3672
-5249
-6548
-7507
-8173
-8602
-8784
-8778
-8621
-8430
-8231
-8267
-8458
-8835
-9326
-9875
-10505
-11137
-11782
-12326
-12685
-12705
-12578
-12047
-11176
-10039
-8638
-7130
-5492
-3723
-1874
-159
1463
3102
4688
6031
7133
8120
9052
9822
10447
10904
11189
11327
11394
11276
10969
10544
9954
9188
8249
7119
5901
4770
3547
2272
1076
-30
-1015
-1889
-2671
-3356
-3901
-4307
-4589
-4742
-4919
-4849
-4696
-4371
-4015
-3308
-1959
-236
1579
3007
4567
6247
8013
9515
10513
11154
11414
11318
10984
10335
9641
8927
8133
7170
6111
5397
4969
4570
3788
2770
1780
877
-156
-1451
-2877
-4390
-5934
-7375
-8694
-9703
-10516
-11078
-11550
-12004
-12221
-12060
-11720
-11625
-11772
-11914
-11926
-12037
-12273
-12603
-12908
-12982
-12675
-12005
-10939
-9548
-7776
-5800
-3693
-1591
558
2916
5274
7300
8649
9591
10426
11189
11812
12141
12241
12196
12123
12011
11793
11524
11099
10462
9418
8028
6518
5040
3616
2040
242
-1400
-2689
-3611
-4294
-4875
-5376
-5625
-5762
-5874
-5946
-5937
-5790
-5529
-5224
-4691
-3518
-1795
278
2148
4016
5907
7890
9657
10863
11535
11751
11794
11558
11174
10555
9968
9526
8916
8117
7327
6663
5932
4888
3464
1830
215
-1292
-2736
-4195
-5539
-6606
-7357
-7885
-8425
-8934
-9338
-9842
-10549
-11339
-12120
-12711
-13186
-13662
-13905
-13995
-13685
-13277
-12901
-12522
-12271
-11721
-10993
-10007
-9032
-7991
-6708
-5218
-3402
-1573
603
3184
5931
8079
9435
10409
11282
12106
12364
12193
11748
11424
11231
11039
10924
10778
10490
9957
8934
7383
5615
3983
2382
399
-1635
-3328
-4375
-4902
-5175
-5403
-5526
-5498
-5467
-5565
-5772
-5851
-5734
-5407
-5137
-4301
-2367
466
3156
5132
6787
8372
10071
11172
11563
11360
11001
10909
10697
10522
10382
10467
10567
9984
8753
7328
6154
4749
2826
547
-1575
-3056
-3932
-4657
-5517
-6207
-6824
-7509
-8593
-9991
-11342
-12425
-13373
-14450
-15296
-15371
-14820
-14179
-13795
-13731
-13642
-13399
-13407
-13530
-13338
-12405
-10755
-9168
-7421
-5453
-2955
-294
1991
4203
6459
8589
9885
10498
10972
11723
12600
13325
13656
13663
13680
13616
13234
12355
11053
9561
8031
6165
4190
2609
1492
500
-567
-1739
-2890
-3801
-4615
-5426
-6383
-7164
-7520
-7589
-7297
-6699
-5731
-4471
-3317
-2307
-1136
606
2611
4697
6400
7690
8908
10081
11229
11863
12193
12355
12311
12012
11411
10761
10108
9298
8139
6552
4974
3513
2248
898
-668
-2199
-3458
-4448
-5507
-6524
-7372
-8061
-8678
-9369
-10049
-10496
-10606
-10644
-10868
-11116
-11257
-11073
-10836
-10899
-11344
-11911
-12362
-12578
-12774
-12582
-11629
-9791
-7565
-5837
-4510
-3273
-1861
-380
1476
3677
5597
7007
7986
8964
10073
10970
11765
12092
11863
11263
10674
10330
9936
9430
8764
7728
6388
4942
3629
2521
1308
75
-1339
-2643
-3634
-4184
-4463
-4778
-5184
-5643
-5965
-6124
-5861
-5137
-4284
-3398
-2354
-969
1020
3426
5662
6963
7441
7659
8073
8735
9343
10046
10663
10987
11037
10768
10280
9469
8313
6815
4942
3161
2003
1288
497
-538
-1833
-3274
-4675
-5948
-7083
-8014
-8690
-9118
-9387
-9583
-9737
-9700
-9603
-9818
-10341
-10820
-11086
-11182
-10945
-10558
-10282
-10463
-11016
-11580
-11932
-11554
-10379
-8649
-6983
-5693
-4553
-3403
-1798
397
2906
4784
5498
5788
6462
7774
9188
10272
10891
11022
10785
10289
9838
9442
9043
8568
7512
5997
4565
3742
3159
2255
972
-571
-1891
-2917
-3535
-3894
-4155
-4356
-4616
-5135
-5547
-5420
-4714
-3827
-3296
-2587
-952
1650
4174
5740
6357
6564
6828
7383
8010
8879
9979
10922
11296
10870
10078
9289
8538
7329
5670
4112
3218
2816
2343
1311
-190
-1842
-3537
-5239
-6750
-7696
-7901
-7985
-8342
-9056
-9745
-10134
-10592
-11273
-12073
-12511
-12288
-11470
-10938
-10842
-11162
-11533
-12053
-12730
-13238
-12823
-11019
-8393
-6047
-4872
-4237
-3746
-2785
-997
1670
4664
6866
7926
8354
8986
9959
10906
11678
11850
11554
11188
11073
11146
10908
10258
9036
7093
5058
3536
2796
2374
1712
653
-936
-2514
-3752
-4386
-4750
-5049
-5290
-5661
-5928
-5780
-5046
-4038
-3311
-2561
-1131
1224
3765
5408
6137
6475
7139
8126
9115
10000
10881
11837
12147
11662
10721
9821
9206
8420
7261
5842
4836
4113
3156
1656
-218
-2008
-3545
-4875
-6104
-6915
-7213
-7411
-7999
-9158
-10428
-11116
-11273
-11231
-11460
-11676
-11625
-11341
-11050
-11379
-12035
-12603
-12768
-12560
-12292
-11431
-9800
-7550
-5599
-5044
-4915
-4541
-3179
-583
2652
6036
8218
8896
8668
8407
8963
10173
11683
12711
12692
12230
11636
11226
10614
9716
8520
6870
5389
4253
3645
3110
2177
728
-1339
-3354
-4689
-5040
-4624
-4362
-4403
-4998
-5749
-6147
-5831
-4881
-3789
-2585
-1139
1480
4510
6622
6887
6052
5921
6828
8812
10795
12273
13135
12709
11597
10094
8959
8595
8547
7905
6309
4964
3996
3025
1635
-543
-2836
-4613
-5566
-6000
-6484
-6819
-7487
-8586
-10198
-11864
-12476
-12045
-11352
-11251
-11700
-12205
-12482
-12426
-12672
-13228
-13509
-13469
-12971
-12417
-11213
-9324
-7188
-5735
-5741
-5802
-5074
-2617
1274
5215
8138
8686
7972
7174
7568
9377
11552
13546
14090
13225
11657
10470
9981
9820
9494
8433
6577
4825
3684
3025
2267
939
-864
-2960
-4580
-5430
-5375
-4894
-4829
-5283
-6410
-7404
-7422
-6419
-4675
-3356
-1734
258
2457
4338
4940
5203
5687
7266
9222
10679
11790
12304
12571
11986
10878
9993
9582
9662
9120
7971
6206
4544
3345
1897
148
-1598
-2890
-3886
-5040
-6395
-7539
-8245
-8685
-9502
-10614
-11461
-11631
-11233
-11160
-11427
-11773
-11859
-11864
-12083
-12362
-12669
-12501
-12240
-11957
-11957
-11499
-9671
-7352
-5546
-5230
-5145
-4377
-2612
462
4130
7520
8872
8251
7170
6956
8590
11169
13543
14256
13147
11396
9866
9313
9282
9425
9021
7498
5304
3317
2120
1541
1060
43
-1752
-3735
-4899
-5325
-5145
-4921
-4996
-5490
-6281
-6501
-5920
-4555
-3002
-1824
-924
1405
4892
7301
7350
6097
6323
8114
10790
12767
13543
13582
12693
11631
10153
9335
9606
10211
9618
6944
4382
2885
2121
1120
-479
-2469
-4106
-5096
-6112
-7328
-8216
-8328
-8556
-9601
-11350
-12206
-11607
-10695
-10573
-11278
-12105
-12269
-11441
-10897
-11240
-11929
-12186
-12137
-12015
-11200
-9285
-6602
-4728
-4818
-5684
-5459
-3240
891
5297
8308
9004
7842
6567
6652
8753
11607
14068
14762
13234
10816
9082
8951
9590
10151
9466
7466
5043
2992
1917
1431
842
-99
-1592
-3423
-4759
-5314
-5117
-4848
-5034
-5553
-6222
-6146
-5250
-3936
-2898
-2202
-1273
177
3288
6756
8899
8694
7600
7859
9394
12010
13835
14545
13975
12273
10740
9632
9577
9959
9864
8106
4946
2529
1245
701
-177
-1765
-3662
-5536
-6718
-7465
-8108
-8465
-8746
-9231
-10188
-11199
-11145
-10309
-9659
-9845
-10480
-10634
-10037
-8906
-8516
-8959
-9536
-9870
-9842
-9914
-9543
-8594
-7176
-5762
-4917
-4634
-4465
-3486
-1305
1730
4756
6748
6864
5754
5005
5995
8258
10486
11869
11583
10059
8356
7420
7425
7754
7914
7171
5534
3400
1763
1048
645
202
-733
-1979
-3403
-4284
-4424
-4410
-4361
-4434
-4688
-4966
-4775
-3957
-2885
-1976
-1232
-445
1189
4084
7432
9673
9508
8119
7244
8013
10321
12704
14076
13364
11268
8877
7162
6738
7161
7512
6229
3678
957
-912
-1625
-2110
-2970
-4344
-5969
-7285
-7960
-8364
-8447
-8404
-8612
-9312
-10149
-10299
-9891
-9237
-8901
-8878
-8954
-8798
-8318
-7938
-7860
-7899
-7811
-7895
-8309
-8639
-8630
-8434
-7911
-6837
-4981
-3425
-2892
-2977
-2256
307
3429
5438
5305
4379
4451
5716
7415
8696
9578
9591
8693
7373
6249
6040
6687
7349
6612
4574
2353
1253
1013
644
-75
-1021
-1890
-2718
-3375
-3851
-3866
-3486
-3280
-3655
-4286
-4171
-2987
-1634
-664
-142
1468
4452
7335
8442
7354
6648
7065
8770
10480
11306
11815
11310
10353
8744
7297
6758
6879
6786
4948
2695
1084
411
-217
-1592
-3512
-5113
-5771
-6148
-6585
-7187
-7467
-7521
-7695
-8502
-8985
-8450
-7574
-7209
-7883
-8415
-8378
-7452
-6644
-6659
-6711
-6732
-6425
-6841
-7418
-7679
-7641
-7457
-8317
-9279
-9219
-7182
-4073
-2272
-1889
-1578
109
2203
2865
3068
3793
5693
7545
8297
8334
8150
8620
8954
8507
7370
6702
7180
7471
6618
4936
3425
2579
1703
602
-611
-1475
-1541
-1602
-2213
-3355
-4041
-3825
-3574
-3724
-3957
-3449
-2405
-1529
-916
-551
359
3029
6757
9949
10594
9418
8305
7985
9293
10753
12179
12509
11688
10354
8222
6700
5656
5374
4517
2586
950
-114
-507
-1382
-2853
-4871
-6685
-7433
-7425
-7098
-6780
-6413
-6289
-6800
-7824
-8283
-7863
-6797
-6080
-5937
-6137
-6405
-6203
-5980
-5697
-5660
-5534
-5485
-6063
-6922
-7721
-8071
-8406
-9170
-10110
-10460
-9275
-6573
-3958
-2739
-2095
-751
1051
1794
1850
2775
4865
7222
8578
9139
9079
9046
9158
8956
8117
7304
7516
7942
7441
5878
4395
3217
1917
458
-868
-1796
-2109
-2089
-2369
-3311
-4236
-4477
-4341
-4543
-4749
-4238
-3132
-2080
-1282
-564
105
1883
4728
7561
8919
9476
10491
11306
11351
10705
10541
10856
11206
11225
10375
8806
6962
5499
3914
1865
243
-364
-608
-1721
-3183
-4601
-5764
-6601
-7114
-7411
-7627
-7133
-6364
-5826
-6011
-6251
-6066
-5866
-5954
-5925
-5510
-5089
-4779
-4705
-4907
-5398
-5525
-5560
-5963
-7054
-8206
-9044
-9808
-10456
-11118
-11602
-11993
-11263
-9041
-6569
-4603
-2611
62
1956
2167
2010
2942
5177
7635
9586
10826
11358
11338
11181
10523
9183
8217
8119
8158
7287
6070
4995
3741
1938
-255
-2266
-3782
-4269
-4175
-4125
-4643
-5173
-5223
-5420
-5997
-6215
-5492
-4121
-2697
-1320
77
1286
2658
4075
5526
6787
9783
14163
17471
17177
13631
11173
10256
10952
11354
10906
10223
8657
7075
4213
1177
-1258
-2480
-3185
-5029
-6025
-5799
-4633
-4700
-6137
-7933
-9105
-8745
-7791
-6676
-5671
-4169
-2790
-2341
-3332
-4502
-4567
-3841
-3336
-3458
-3495
-3632
-3467
-3424
-3906
-4956
-6788
-8458
-10486
-12102
-12801
-12799
-12651
-12949
-12364
-10568
-8351
-6568
-4171
-825
1851
2660
2863
4046
6302
8726
10740
12185
12864
13107
13051
12545
11492
10584
10115
9202
7450
5683
4655
3823
2247
181
-2183
-4175
-5527
-6147
-6390
-6611
-6237
-5715
-5631
-6122
-6175
-5265
-3962
-2719
-1511
46
1812
3757
5646
7441
9969
13210
16013
16626
15442
14158
13722
13690
13051
12098
10983
9769
8123
5947
3311
726
-1121
-2773
-4452
-5722
-5990
-5636
-5622
-6187
-6966
-7199
-7065
-6637
-6093
-5297
-4120
-2671
-1487
-1340
-1499
-1621
-1434
-1666
-2303
-2826
-3271
-3235
-3358
-3562
-4455
-5903
-7628
-9754
-11558
-13148
-13834
-14337
-14769
-15165
-15379
-14264
-11930
-8638
-5219
-1552
2094
4410
5017
5376
6867
9181
11267
13179
14900
16069
16141
15725
14945
12849
11012
9170
7486
5608
3955
3275
2028
330
-1964
-4218
-6562
-8509
-9216
-9340
-8915
-8081
-6990
-5960
-5440
-4865
-3826
-2863
-1956
-814
1114
3566
6041
8468
10093
11023
11836
13392
16041
18135
18232
16290
13737
11911
10484
9262
7830
6250
4518
2329
82
-2050
-3608
-4951
-6136
-7383
-8127
-7778
-6789
-5610
-4957
-4485
-4158
-4039
-3972
-3525
-2428
-941
374
969
804
323
-160
-718
-1577
-2791
-3956
-5070
-6037
-6768
-7054
-7316
-8130
-9673
-11835
-13834
-15360
-16270
-16697
-16769
-16750
-16256
-14368
-10822
-5938
-948
3123
5206
5496
5571
6554
8643
10911
13186
15274
16704
17171
16636
15633
13997
11774
9165
6488
4099
2506
2015
1533
413
-1610
-4137
-6852
-9463
-11047
-11318
-10585
-9471
-8256
-7123
-5994
-4751
-3496
-2526
-1951
-1286
-23
1975
4519
7346
9927
11581
12539
13047
13855
15109
16339
16583
15070
13086
11163
9787
8293
6567
4805
2697
702
-1432
-2959
-4192
-5098
-5817
-6658
-7174
-7345
-6653
-5784
-4931
-4322
-3966
-3494
-2750
-1889
-1476
-694
246
885
715
-211
-678
-643
-910
-2287
-3928
-5128
-5814
-6522
-7457
-8211
-8963
-10048
-11692
-13522
-14962
-15725
-16274
-17025
-17704
-17428
-15839
-12129
-7062
-1930
2639
5517
6327
6199
6776
8135
9918
11918
14096
15937
16957
17333
17138
15958
13704
10863
7778
4742
2623
1823
1588
1043
-225
-2212
-4651
-7277
-9471
-10668
-11179
-11202
-10443
-9181
-7583
-5710
-3943
-2478
-1865
-1680
-1174
62
2080
4654
7414
9640
11095
11914
12621
13123
13619
14583
15733
16044
14577
12541
10971
9641
7924
5821
3600
1285
-543
-1966
-2899
-3720
-4440
-4891
-5507
-6113
-6277
-5513
-4637
-3959
-3459
-2998
-2438
-1881
-965
-152
222
176
62
-184
-657
-1018
-1339
-1779
-2795
-4328
-5888
-7050
-7761
-8393
-9159
-10106
-10866
-11572
-12367
-13517
-14842
-15878
-16647
-17302
-17136
-15073
-11063
-5760
-524
3718
5909
6418
6676
7363
8303
9263
10696
12554
14360
15750
16691
17139
16382
14349
11263
7789
4699
2640
1815
1280
689
-254
-1484
-3239
-5406
-7535
-9274
-10554
-11222
-11130
-10239
-8558
-6476
-4262
-2800
-2175
-1988
-1546
-591
753
2511
4438
6470
8385
10115
11848
13627
15134
15564
15013
14104
13235
12257
10923
9727
8397
6997
5481
3862
2176
292
-1385
-2996
-4361
-5556
-6150
-6054
-5643
-5158
-4940
-4734
-4588
-4166
-3656
-3284
-2981
-2641
-2100
-1629
-1272
-964
-748
-862
-1459
-2416
-3455
-4301
-4932
-5456
-6035
-6737
-7432
-8098
-8727
-9727
-11067
-12512
-13815
-14888
-15794
-16257
-16209
-14984
-12445
-9186
-5598
-1925
1562
3724
4398
4614
5287
6532
7814
9264
10839
12440
13791
14802
15089
14214
12629
10724
8661
6404
4492
3372
2750
2072
1138
-126
-1681
-3296
-4896
-6441
-8065
-9198
-9419
-8962
-8205
-7191
-5849
-4553
-3671
-3252
-2854
-2163
-1138
196
1606
3109
4748
6481
8124
9336
10578
12045
13603
14365
14261
13548
12401
11386
10182
8975
7517
6036
4620
3293
1995
481
-648
-1880
-3140
-4339
-5115
-5356
-5357
-4993
-4814
-4544
-4411
-4081
-3737
-3683
-3706
-3713
-3571
-3505
-3265
-2994
-2541
-2233
-2252
-2824
-3665
-4278
-4739
-4963
-5406
-5902
-6418
-6940
-7611
-8543
-9478
-10538
-11540
-12496
-13178
-13630
-13082
-11281
-8916
-6110
-3513
-734
1478
2324
2705
3259
3943
4668
5641
6881
8308
9809
11357
12494
12702
11907
10777
9486
7786
6200
5224
4694
4279
3749
3074
2220
1184
80
-1347
-3035
-4634
-5625
-6040
-6190
-5909
-5167
-4309
-3762
-3467
-3213
-2896
-2569
-2147
-1452
-616
395
1691
3077
4413
5476
6890
8926
10866
11889
11648
10963
10357
9887
9199
8354
7502
6794
6220
5567
4799
3852
2899
1631
184
-1163
-2097
-2416
-2437
-2500
-2721
-2897
-2859
-2837
-3110
-3598
-4166
-4565
-4769
-4920
-4772
-4142
-3373
-2900
-2926
-3248
-3469
-3590
-3900
-4372
-4849
-5077
-5088
-5178
-5323
-5524
-5800
-6317
-7066
-7950
-8737
-9361
-9811
-9873
-9240
-7812
-6066
-4165
-2151
-271
863
1232
1439
1774
2177
2650
3480
4525
5608
6816
8090
9055
9312
9051
8463
7552
6470
5563
5109
4818
4666
4536
4209
3765
3140
2298
1160
-207
-1376
-2238
-2806
-3098
-3076
-2738
-2480
-2439
-2562
-2682
-2864
-2998
-2982
-2889
-2595
-1962
-1034
-48
867
1695
2594
3657
4886
6028
6932
7502
7745
7654
7385
7158
6883
6643
6278
5767
5242
4786
4350
3808
3087
2222
1406
648
-5
-551
-1057
-1549
-2018
-2379
-2771
-3152
-3536
-4011
-4417
-4906
-5187
-5293
-5236
-5040
-4959
-4792
-4590
-4366
-4236
-4134
-4045
-3920
-3837
-3700
-3490
-3399
-3353
-3417
-3576
-3872
-4238
-4605
-4832
-5035
-5297
-5415
-5356
-4953
-4347
-3686
-3014
-2353
-1535
-822
-408
-148
227
715
1207
1709
2335
3032
3722
4390
4917
5174
5216
5233
5097
4800
4396
4155
4096
3978
3855
3675
3441
3190
2840
2334
1650
943
361
-131
-626
-981
-1075
-1099
-1139
-1210
-1316
-1398
-1507
-1558
-1554
-1532
-1400
-1099
-705
-359
70
726
1652
2651
3507
4038
4147
3998
3898
3799
3613
3576
3610
3551
3466
3411
3402
3289
2997
2539
1901
1228
626
183
-207
-569
-879
-1117
-1327
-1608
-1847
-2197
-2656
-3087
-3373
-3606
-3784
-3686
-3421
-3264
-3102
-2848
-2637
-2372
-2126
-1853
-1770
-1661
-1415
-1291
-1291
-1165
-1039
-1188
-1282
-1398
-1486
-1681
-1948
-2113
-2364
-2611
-2633
-2513
-2602
-2719
-2642
-2589
-2691
-2568
-2135
-1809
-1571
-1205
-807
-619
-315
112
456
677
939
1141
1289
1617
1987
2258
2382
2642
2831
2900
2943
3001
3005
2860
2713
2704
2601
2414
2384
2334
2139
1851
1667
1457
1177
929
772
529
322
177
45
-96
-302
-378
-403
-485
-600
-508
-321
14
341
568
726
747
900
1097
1223
1254
1335
1350
1317
1294
1363
1438
1386
1365
1231
1015
861
845
730
449
240
18
-219
-364
-506
-645
-755
-837
-991
-1202
-1372
-1418
-1454
-1484
-1556
-1577
-1394
-1338
-1266
-1130
-1109
-1057
-984
-917
-781
-798
-784
-701
-671
-692
-657
-474
-418
-460
-503
-583
-665
-814
-885
-892
-933
-940
-992
-1045
-1160
-1162
-1187
-1237
-1356
-1345
-1181
-1106
-899
-735
-648
-631
-512
-304
-269
-265
-130
32
161
326
581
786
906
1009
1126
1136
1101
1182
1242
1237
1242
1293
1281
1209
1187
1163
1003
853
781
641
428
251
153
49
-51
-97
-91
-140
-207
-212
-204
-232
-262
-196
-146
-130
-94
-39
24
35
137
159
162
158
155
195
122
137
103
118
75
-57
-124
-171
-225
-314
-364
-470
-515
-620
-636
-621
-657
-699
-760
-758
-817
-802
-853
-832
-861
-817
-703
-667
-654
-582
-546
-514
-422
-417
-321
-250
-208
-229
-52
-118
-208
-22
340
124
-81
410
411
89
159
402
232
103
256
290
180
314
446
297
191
343
352
227
153
261
223
56
81
201
133
133
235
169
163
139
131
45
27
37
69
14
57
181
126
33
20
2
-94
-138
-112
-110
-99
-49
-45
-67
-37
-96
-151
-148
-193
-82
-5
50
117
253
262
248
254
235
237
273
329
320
405
394
395
384
395
407
376
342
329
287
213
190
223
256
218
188
139
112
75
3
-39
-129
-95
-44
-77
-65
-99
-143
-156
-119
-141
-101
-48
8
68
112
169
198
292
353
365
422
512
564
624
698
719
767
753
688
722
781
788
732
797
777
738
765
712
685
625
582
535
520
486
455
438
465
417
344
372
337
371
410
439
434
365
385
426
367
367
409
395
388
401
396
401
411
436
407
331
263
197
209
168
123
96
119
138
64
38
19
-21
-37
-104
-161
-173
-159
-99
-96
-90
-50
-20
-8
-20
-61
-76
-92
-123
-117
-168
-128
-104
-68
-26
-63
-49
-66
-104
-88
-37
-69
-78
-138
-157
-138
-109
-41
-5
-28
-95
-84
-35
-27
-10
15
47
59
123
145
135
168
191
185
108
165
129
144
175
140
111
80
90
63
-8
-33
-33
-109
-137
-132
-122
-136
-156
-157
-178
-172
-125
-155
-109
-62
-74
-52
-18
-17
-3
32
45
52
91
134
161
162
180
284
252
222
207
161
158
106
157
171
135
114
92
66
31
72
44
46
11
-27
-47
-80
-161
-148
-106
-150
-172
-233
-248
-248
-253
-263
-286
-392
-389
-391
-426
-426
-415
-401
-350
-302
-303
-272
-248
-238
-225
-146
-157
-152
-92
-52
-3
23
10
12
28
48
49
73
87
70
70
21
-8
2
-9
-42
-91
-145
-167
-184
-208
-203
-228
-263
-307
-309
-307
-337
-303
-301
-280
-260
-239
-235
-187
-208
-225
-207
-209
-188
-210
-214
-164
-138
-111
-56
-32
3
-32
-45
-16
14
47
41
74
85
40
73
37
10
7
15
-43
-30
35
39
115
97
77
102
111
117
130
151
173
124
163
179
167
185
192
209
193
200
170
145
136
100
77
108
101
105
131
141
182
108
125
74
47
86
104
178
186
232
208
212
260
291
302
334
344
385
415
418
420
415
448
465
441
410
378
335
334
280
259
271
226
186
202
226
227
243
225
182
190
159
168
136
105
98
88
133
147
169
130
177
149
135
162
173
172
131
156
151
177
205
217
214
206
175
162
170
170
153
165
179
182
141
147
138
125
139
129
149
180
216
204
213
214
247
250
257
344
416
401
454
539
574
538
670
893
965
954
1724
3148
3239
2443
1711
252
-2392
-4324
-4736
-4624
-3870
-2005
355
1963
2870
2862
1827
132
-1442
-2521
-3279
-3124
-1788
-155
1075
2254
3096
2733
1547
244
-1055
-2153
-2583
-2162
-1246
-130
1076
1948
2060
1692
911
-155
-1250
-1837
-1730
-1230
-518
439
1322
1599
1467
1008
285
-538
-1204
-1399
-1267
-822
-136
605
1070
1199
1152
664
-64
-750
-1137
-1345
-1186
-751
-141
463
810
988
739
318
-219
-764
-1082
-1113
-856
-402
153
611
799
841
593
263
-165
-633
-846
-852
-589
-406
2
395
518
518
342
12
-353
-608
-765
-707
-578
-273
63
327
416
317
135
-216
-542
-756
-774
-724
-537
-171
99
311
440
361
136
-103
-351
-486
-535
-451
-149
31
253
474
455
270
72
-107
-471
-621
-489
-336
-176
4
242
384
354
494
401
1138
5333
8346
7423
7567
7907
3844
-1408
-2756
-3576
-5777
-5781
-2717
-338
346
1745
2360
451
-1894
-2598
-3598
-5075
-4368
-2003
-755
70
2476
3772
2589
1178
603
-752
-2459
-2363
-1413
-742
277
2044
2792
2226
1936
1337
-340
-1618
-1504
-1233
-1029
-233
980
1561
1485
1213
610
-137
-949
-1422
-1391
-1081
-516
468
1001
1289
1568
1375
693
-139
-611
-940
-1022
-631
-27
311
779
1055
804
483
107
-464
-939
-730
-299
-168
276
935
1042
749
642
589
175
-185
-189
-205
-216
40
403
296
57
213
125
-356
-618
-279
-241
-427
-39
477
641
699
975
939
707
667
666
377
93
263
492
205
255
881
651
202
361
577
219
-66
284
443
382
399
738
819
581
767
848
417
168
415
273
-211
-121
300
131
-135
83
27
-357
-443
-464
-743
-557
-381
-645
-547
-85
103
-105
105
438
299
-89
-203
-254
-656
-565
-238
-267
-47
582
724
286
277
357
44
-514
-482
-129
-69
66
179
540
457
152
-64
8
-10
-313
-304
-189
-142
-67
405
273
32
238
298
-58
-336
-209
-138
-327
-392
95
161
-238
-180
175
-144
-478
-220
-435
-986
-748
-344
-865
-1165
-523
-381
-974
-720
-162
-428
-585
-255
-280
-496
-347
-125
-182
-189
57
-18
-88
66
-91
-192
-59
-74
-336
-411
-116
-2
-221
-76
209
133
95
106
132
233
242
92
20
-203
-299
-77
58
445
803
615
529
980
838
-8
-289
-87
-359
-504
-120
-45
-79
-261
-485
-503
-733
-1024
-961
-977
-956
-426
-77
72
398
621
442
121
-226
-337
-475
-797
-797
-247
178
-245
-5
650
251
-298
-337
-426
-456
-518
-623
-134
339
296
375
667
288
-180
-270
-680
-1063
-1162
-800
-541
-503
-187
237
506
175
-127
-240
-513
-696
-463
-330
-95
350
588
763
511
352
129
67
-142
-556
-448
-193
-179
-359
62
451
197
21
78
-218
-555
-630
-675
-556
-251
-333
-284
304
173
-13
-36
-301
-230
-244
-147
-390
-193
66
-285
-86
-5
-112
18
102
-19
112
122
18
-169
-155
-332
-443
-111
-17
47
-117
75
219
-14
56
261
228
-23
111
189
-90
25
254
243
261
470
337
127
290
273
143
205
273
270
157
-24
-33
-97
-268
-382
-265
-87
65
228
246
416
527
462
229
64
-94
-169
-246
-290
-63
149
167
131
361
298
122
138
202
61
194
151
-61
276
549
182
37
167
184
198
-112
127
293
-72
170
500
527
603
456
446
66
-170
-391
-593
-733
-908
-639
-591
-459
-151
-53
-404
-625
-672
-854
-901
-640
-453
-445
-109
98
153
161
69
-64
-395
-604
-562
-267
-24
293
612
842
761
513
437
210
-189
-536
-435
-304
-170
101
397
493
295
85
36
-9
-318
-548
-557
-491
-632
-434
-12
27
-170
-201
-239
-673
-1009
-988
-941
-1172
-1092
-766
-621
-693
-671
-437
-364
-465
-636
-590
-448
-448
-458
-388
-275
-272
-177
-150
-218
-395
-687
-789
-895
-1027
-1094
-982
-947
-1047
-1089
-921
-775
-854
-1057
-1271
-1341
-1427
-1314
-1200
-1277
-1263
-1071
-965
-1059
-1167
-1268
-1335
-1382
-1554
-1514
-1124
-777
-647
-561
-501
-557
-461
-505
-712
-1001
-1189
-1134
-913
-682
-556
-292
-20
237
375
468
711
820
852
826
782
907
1268
1708
1810
1835
1900
1993
2094
2127
2003
1883
1814
1712
1652
1668
1684
1668
1615
1393
1176
1010
993
996
844
586
462
655
795
680
571
565
413
237
17
-118
-279
-541
-569
-736
-958
-1205
-1318
-1640
-2182
-2681
-3148
-3532
-3929
-4178
-4298
-4376
-4708
-5035
-5196
-5329
-5459
-5591
-5716
-5887
-6080
-6064
-5982
-5903
-5856
-5738
-5382
-4888
-4376
-3935
-3443
-2988
-2673
-2578
-2445
-2261
-2054
-1746
-1268
-588
279
1320
2461
3622
4669
5583
6311
6777
7030
7156
7216
7232
7362
7563
7638
7788
7844
7694
7390
7027
6653
6103
5546
5022
4530
4135
3819
3637
3571
3528
3519
3475
3432
3368
3231
3056
2830
2642
2432
2362
2361
2315
2299
2301
2348
2273
2010
1641
1076
430
-246
-878
-1460
-2058
-2583
-3128
-3671
-4317
-5049
-5947
-6788
-7729
-8647
-9469
-10152
-10576
-10907
-11060
-11090
-10977
-10938
-10901
-10886
-10888
-10902
-11079
-11169
-10803
-10070
-9010
-7736
-6122
-4181
-1999
225
2278
4317
6672
9233
11122
11988
12222
12421
12681
12571
11942
10908
9666
8603
7715
6744
5477
4119
2813
1460
-185
-1771
-2887
-3674
-4410
-5144
-5613
-5658
-5136
-4304
-3603
-3115
-2660
-1813
-733
246
1100
1928
3004
4041
4948
5744
6509
7157
7590
7713
7561
7319
6995
6571
5984
5096
4213
3465
2809
2067
1602
2237
3629
4732
4728
4679
5054
5663
5651
4907
3959
3230
3344
3536
3727
3661
4010
4715
5163
5201
4744
4523
4180
3507
2128
741
-372
-1201
-1921
-3239
-4571
-5754
-6365
-7018
-8008
-9403
-10693
-11547
-12359
-12962
-13583
-13911
-14025
-13841
-13746
-13774
-13757
-13728
-13634
-13734
-13702
-13150
-11595
-9261
-6593
-3795
-363
4349
9584
13757
15693
16233
16447
16467
15805
14065
11796
9802
8570
7883
7368
6728
6078
5223
3817
1628
-958
-3215
-5265
-7344
-9425
-10904
-11128
-10084
-8417
-6917
-5642
-4114
-2339
-788
100
396
729
1372
2272
3300
4552
6067
7817
9493
10528
10864
10742
10312
9417
7771
5790
4494
4227
4277
3981
3588
3702
4427
5076
4942
3845
2444
1449
862
292
-332
-537
-49
978
2052
3054
4180
5230
5868
5665
4860
3934
3177
2454
1256
-95
-1140
-1480
-1635
-2240
-3476
-4868
-6030
-7228
-8651
-10547
-12542
-14122
-14946
-15323
-15318
-15083
-14711
-14199
-13609
-13017
-12637
-12328
-12150
-11857
-11295
-10034
-7840
-5023
-1951
1375
5296
9925
14287
17104
18036
17840
17329
16397
14693
12129
9370
7074
5570
4694
3874
2972
2088
1171
-73
-1920
-3929
-5859
-7445
-8998
-10249
-10702
-9970
-8302
-6225
-4025
-2206
-221
1781
3550
4499
4787
4803
5044
5385
5633
6111
6700
7520
8293
8647
8526
8175
7360
6033
4113
1926
-28
-1354
-1813
-1703
-1513
-1209
-499
656
1854
2743
3050
2949
2910
3043
3583
4224
5030
5968
6851
7661
8452
9068
9261
8746
7538
5949
4489
3271
2092
874
-514
-1681
-2587
-3324
-4309
-5616
-7052
-8424
-9755
-11119
-12291
-13090
-13384
-13391
-13366
-13194
-12359
-11198
-10168
-9729
-9842
-9952
-10004
-10031
-10219
-9958
-8925
-7037
-4747
-2333
577
4215
8554
12584
15156
15889
15589
15136
14423
12642
9952
7168
5044
3688
2805
2183
1573
1060
480
-392
-1689
-3229
-4700
-6075
-7557
-8967
-9625
-9081
-7503
-5709
-3898
-1946
300
2577
4313
5318
5564
5527
5404
5272
5006
4766
4879
5310
5816
6108
6391
6407
5988
5051
3458
1570
-207
-1698
-3010
-4102
-4843
-4950
-4324
-2918
-996
966
2414
3294
4243
5188
5870
6077
5978
5966
6182
6536
6974
7516
7765
7544
7062
6245
5132
3735
2038
311
-1559
-3154
-4287
-5002
-5544
-6111
-6452
-6547
-6521
-6756
-7224
-7932
-8700
-9425
-9995
-10349
-10500
-10468
-10306
-9916
-9392
-8967
-8659
-8444
-8338
-8139
-7666
-6803
-5798
-4718
-3351
-1516
883
3931
7328
10373
12068
12387
12391
12446
11884
10099
7548
4928
2795
1461
672
2
-738
-1384
-1665
-1873
-2407
-3276
-4352
-5538
-6793
-7809
-8024
-7440
-6359
-5003
-3449
-1570
605
2765
4629
5730
5889
5829
5771
5516
4978
4245
3738
3548
3598
3762
3942
4020
3605
2773
1812
633
-797
-2230
-3559
-4815
-5796
-6114
-5688
-4881
-4037
-3139
-2114
-1004
75
998
1783
2433
3346
4667
6308
7600
8323
9085
9975
10543
10349
9359
7762
5894
3868
1899
-1
-1942
-3653
-4761
-5427
-5749
-5928
-5920
-5804
-5900
-6147
-6251
-6161
-6126
-6163
-6281
-6095
-5449
-4340
-3046
-1908
-942
-78
855
1629
2023
1866
1329
637
-329
-1224
-1939
-2467
-3043
-3619
-3964
-4119
-4036
-4012
-4223
-4788
-5474
-5887
-5784
-5245
-4689
-4224
-3424
-1763
667
3271
5137
6074
6755
7556
8162
8030
7154
5844
4589
3533
2744
2176
1679
1191
698
330
-207
-824
-1394
-2088
-3102
-4311
-5199
-5403
-5103
-4652
-3984
-3103
-1838
-215
1421
2731
3601
4143
4505
4726
4673
4419
4145
3980
3823
3708
3778
3913
3968
3798
3332
2646
2194
2467
3330
3969
3974
3869
4341
5312
5811
5587
4686
3464
2326
1284
97
-1586
-3484
-5007
-5892
-6578
-7185
-7616
-7753
-7819
-7982
-8096
-8092
-8086
-8228
-8639
-9224
-9461
-8988
-7846
-6594
-5517
-4439
-2858
-786
1242
2737
3750
4591
5485
6646
7965
8924
9008
8501
8027
7799
7280
6030
4407
2720
880
-887
-2257
-3282
-4341
-5414
-6115
-6387
-6415
-6106
-5466
-4777
-4378
-3975
-2974
-1553
-209
789
1743
2784
3892
5030
6163
6876
7041
6980
6763
6452
5723
4707
3635
2378
969
-299
-1267
-2029
-2802
-3683
-4446
-4942
-5219
-5247
-5135
-5124
-5155
-4912
-4092
-3116
-2167
-1254
-266
819
1914
3015
4010
4732
5131
5332
5424
5308
4973
4540
3924
3138
2193
1501
913
239
-551
-1332
-2100
-2691
-3090
-3448
-3721
-4035
-4159
-3912
-3433
-2898
-2345
-1745
-919
-86
693
1440
2102
2570
2886
3099
3233
3265
3205
3003
2765
2338
1876
1484
1050
509
-145
-759
-1354
-1804
-2222
-2529
-2848
-3105
-3179
-3032
-2748
-2451
-2122
-1673
-1177
-633
-99
387
787
1092
1340
1503
1652
1748
1801
1696
1550
1355
1082
827
534
101
-341
-796
-1184
-1513
-1756
-1973
-2262
-2430
-2412
-2316
-2209
-2058
-1831
-1155
231
2156
3733
4369
4491
4894
5343
5121
4046
2339
496
-1061
-2219
-3161
-4088
-4949
-5418
-5326
-5013
-4765
-4334
-3906
-3649
-3681
-3707
-3502
-3080
-2668
-2341
-2028
-1446
-380
917
2116
2765
3164
3499
3822
3723
3082
2093
1021
137
-644
-1288
-1899
-2300
-2417
-2274
-1960
-1671
-1278
-733
-237
-10
73
257
581
842
998
1112
1256
1625
2166
2691
2945
3034
3206
3514
3734
3684
3511
3234
3033
2780
2463
2162
1777
1447
1037
589
31
-500
-1001
-1580
-2378
-3258
-3973
-4505
-4924
-5390
-5689
-5773
-5457
-4922
-4182
-3405
-2619
-1691
-637
377
1072
1602
2050
2463
2714
2820
2759
2686
2580
2386
2149
1777
1280
819
353
-318
-1120
-1838
-2457
-3053
-3651
-4239
-4505
-4530
-4402
-4073
-3498
-2599
-1334
76
1376
2363
3135
4033
4835
5283
5180
4796
4563
4340
3965
3478
2989
2446
1880
1436
993
377
-417
-1152
-1739
-2431
-3208
-3556
-3535
-3540
-3403
-2955
-2175
-1296
-359
728
1590
2176
2778
3410
3768
3758
3603
3450
3328
3090
2870
2671
2400
2077
1711
1390
970
406
-166
-667
-1311
-1945
-2391
-2622
-2715
-2789
-2681
-2301
-1765
-1165
-584
-120
223
567
875
1033
1030
853
834
806
702
609
620
695
679
894
1364
1822
1986
1883
1769
1571
1145
367
-601
-1632
-2737
-3738
-4611
-5160
-5448
-5348
-4918
-4342
-3694
-2894
-1895
-1087
-660
-529
-324
-112
5
52
34
90
283
767
1381
1797
2097
2438
2709
2687
2404
1852
1181
304
-849
-1879
-2400
-2273
-1942
-2003
-2117
-1618
-548
431
811
783
639
532
567
754
673
243
36
566
1308
1713
2052
2585
2930
2796
2489
2317
1963
1153
266
-492
-1174
-1597
-1449
-1077
-957
-985
-544
268
856
1059
1021
890
743
737
837
844
656
579
840
1280
1596
1829
2068
2076
1827
1364
1148
1356
1808
2020
1577
888
581
694
537
-576
-2469
-4315
-5542
-6130
-6704
-7451
-7980
-7655
-6449
-4843
-3310
-1918
-593
617
1696
2422
2806
2921
2880
2572
2077
1809
1904
2245
2466
2285
2088
2038
2039
1758
763
-783
-2307
-3466
-4301
-5062
-5611
-5371
-4418
-3051
-1659
-217
1417
3015
4153
4551
4482
4184
3831
3497
2892
2005
1344
1352
1806
2085
2058
1903
1838
1718
1243
399
-724
-1880
-2880
-3507
-3892
-4051
-3765
-2933
-1820
-691
517
1784
2996
3653
3833
3793
3558
3281
2919
2437
1900
1515
1589
1949
2219
2249
2139
2110
1955
1481
624
-392
-1354
-2182
-2723
-3087
-3228
-3051
-2460
-1605
-830
37
1134
2434
3575
4171
4185
4048
3957
3656
2961
1891
781
-284
-1188
-2040
-2885
-3818
-4676
-5224
-5591
-5823
-5945
-5830
-5674
-5458
-4929
-4074
-3005
-2002
-1071
-123
916
2048
2927
3517
3796
3955
4259
4495
4517
4311
3979
3574
3089
2547
1931
1099
95
-875
-1745
-2525
-3168
-3612
-3799
-3874
-3750
-3227
-2441
-1550
-726
99
924
1671
2361
2997
3421
3506
3463
3552
3639
3532
3263
3017
2635
2182
1712
1196
607
-224
-997
-1618
-2119
-2560
-2743
-2651
-2501
-2270
-1698
-931
-177
503
1088
1704
2185
2572
2811
2905
2865
2748
2667
2559
2329
2034
1720
1337
908
418
2
-531
-1164
-1723
-2147
-2385
-2513
-2537
-2436
-2171
-1723
-1207
-602
-23
435
977
1719
2736
3639
4204
4389
4672
5120
5457
5251
4273
3040
1879
915
-89
-1353
-2793
-4036
-4928
-5388
-5673
-5968
-6235
-6385
-6293
-6133
-5976
-5658
-5311
-4998
-4548
-3785
-2745
-1611
-496
555
1540
2492
3471
4157
4323
4138
4028
4108
4067
3556
2768
2105
1590
1206
683
-152
-1131
-1991
-2594
-3038
-3498
-3928
-4085
-3906
-3521
-2907
-2100
-1159
-232
651
1517
2241
2909
3451
3841
3889
3733
3599
3503
3275
2823
2281
1681
1154
630
28
-696
-1420
-1978
-2361
-2672
-2803
-2778
-2526
-2061
-1475
-766
4
845
1674
2313
2748
3055
3298
3441
3358
3071
2702
2344
1995
1492
943
403
-142
-534
-946
-1431
-1940
-2321
-2567
-2652
-2661
-2548
-2221
-1770
-1256
-672
-45
550
1072
1532
1856
2033
2119
2122
2076
1899
1607
1319
1073
804
436
17
-287
-547
-690
-980
-1343
-1394
-868
44
649
633
620
1243
2176
2665
2449
2058
1779
1733
1698
1393
701
63
-58
29
-45
-214
-308
-362
-420
-553
-736
-915
-1088
-1253
-1428
-1560
-1455
-1086
-794
-833
-859
-626
-179
-67
-368
-782
-1133
-1117
-1107
-1312
-1758
-2036
-1822
-1466
-1272
-1280
-1304
-1211
-1015
-835
-760
-846
-940
-874
-827
-780
-634
-398
-177
-155
-14
201
373
443
260
-106
-401
-507
-660
-1096
-1746
-2112
-2163
-2131
-2019
-1566
-703
287
1238
2154
3054
3862
4416
4517
4163
3515
2823
2213
1521
628
-303
-645
-584
-867
-1076
-878
-564
-416
-266
25
142
134
505
1237
1709
2006
2912
4233
5068
5749
6676
7229
7095
6825
6586
6229
5684
5035
3996
2692
1988
1817
1279
111
-778
-1191
-1569
-2065
-2604
-3474
-4352
-4549
-4531
-4928
-5451
-5463
-5157
-4925
-4725
-4570
-4598
-4708
-4813
-5042
-5481
-5693
-5513
-5406
-5401
-5224
-4638
-3758
-3054
-2548
-2085
-1292
-22
997
1382
1627
2540
3963
5287
5799
5433
4771
4267
3979
2847
775
-1212
-2565
-3438
-4181
-4565
-4486
-3936
-2854
-1561
-323
945
2460
3698
4403
4720
5001
5358
5450
5170
4529
3889
3630
3412
2663
1525
452
-245
-1020
-1915
-2907
-3959
-4348
-4141
-3752
-3308
-2527
-1324
105
1394
2333
3978
4532
3744
4005
4509
3834
1960
1482
1313
-80
-559
-843
-1383
-1463
-1191
-1011
-1717
-2027
-1129
-847
-1215
-1046
-795
-19
1036
1463
1722
2240
3054
3583
3945
5029
6284
6616
6570
6253
5805
5421
4268
2454
52
-2182
-3621
-4880
-5337
-6943
-7372
-5207
-3309
-2135
-1043
1519
2677
3717
4814
3682
3007
2477
1506
-546
-2781
-3103
-3599
-4922
-5769
-6121
-6436
-5901
-6288
-7675
-8483
-8442
-7968
-8420
-8693
-8431
-7869
-6491
-4730
-4346
-3704
-2565
-1472
-612
-974
-1330
-1377
-972
121
1410
3253
5655
6541
6403
6766
6947
6096
3692
629
-2050
-4311
-5705
-6446
-7030
-6647
-5114
-2965
-327
1907
3785
5409
6469
7131
6910
6282
5829
5022
4222
3751
3381
3338
3283
2803
2243
1735
1125
-18
-1826
-3284
-4280
-4843
-4700
-4320
-3484
-1794
416
2729
4621
5986
6884
7243
6815
5704
4650
3125
1943
3107
5122
4798
3540
4707
6220
6260
5023
2849
666
-1023
-1835
-3523
-5589
-5973
-4302
-2009
-620
1228
3400
5191
6271
6055
4712
2758
930
-1583
-4594
-7156
-8698
-9116
-9639
-10243
-9770
-8210
-6776
-6342
-6754
-7232
-7089
-6910
-7684
-9046
-10107
-9888
-8732
-8053
-7751
-6924
-5442
-3872
-2277
-686
1750
5964
10060
11436
10086
9228
10131
9884
6130
676
-3102
-4933
-6438
-8563
-10275
-9853
-7475
-4674
-2577
-772
1781
4907
7365
8088
8056
8492
9312
9583
8616
7556
7414
7728
6990
4946
2991
2035
1320
-783
-3962
-6362
-7047
-6572
-6234
-6097
-5073
-2297
1434
4381
5981
7157
8746
9598
8959
8041
7874
7732
6172
3773
2611
2762
2721
1367
-362
-1375
-1267
-493
-882
-1979
-2121
-540
1281
2078
2619
3580
5355
6746
6932
5963
4508
3338
1729
-604
-3061
-4842
-6164
-7572
-8504
-8611
-7820
-6988
-6421
-4756
-2182
-353
-1524
-3855
-4906
-5507
-6763
-9509
-11915
-13265
-12959
-11033
-8655
-5199
-1774
311
699
-194
-1624
-3872
-6753
-10292
-13329
-14141
-12678
-8954
-3405
2631
7860
11938
15097
16465
15389
12162
7719
2668
-2779
-7483
-10672
-11596
-10320
-7530
-4114
-613
3415
7284
9958
10949
10285
8318
5791
3575
1746
536
248
866
2132
3910
5899
7436
8039
7298
5284
2555
-163
-2850
-5317
-7081
-7721
-6726
-4331
-612
4067
8545
11507
13009
14220
14140
11923
8034
4071
760
-2015
-3915
-5425
-5338
-3412
-472
1955
3330
4714
5963
6787
6302
4764
3032
1676
837
147
-361
-558
-194
109
-22
-236
-595
-1406
-2962
-4978
-6742
-7935
-8757
-9464
-9677
-9049
-7777
-6458
-5650
-5222
-4824
-4936
-6293
-8500
-10735
-12720
-14400
-15408
-15650
-14991
-13424
-11264
-8901
-6430
-3804
-1513
91
976
1429
1889
2955
4853
6495
6741
6207
6318
6607
5638
3346
1098
-476
-1977
-3446
-4864
-5243
-3989
-1847
357
2319
4779
7844
10640
12291
12865
12807
12157
10858
8881
6684
4759
3181
1609
97
-633
-537
-264
-341
-574
-555
-160
223
287
297
868
2154
3800
5227
6437
7663
8454
8746
8273
7188
5657
3647
1569
-31
-1135
-1958
-2176
-1701
-618
845
2490
3908
4920
5971
6708
6698
6258
5593
5048
4608
4043
3394
2745
2438
2194
1594
853
-146
-1184
-2198
-3189
-4160
-5301
-6320
-7212
-7753
-7825
-7642
-7552
-7532
-7462
-7255
-7063
-7652
-8911
-10286
-11302
-12245
-13477
-14627
-15178
-14905
-14111
-13153
-12246
-10911
-9134
-7206
-5465
-4077
-2453
-808
756
2506
4874
7335
8374
8021
7416
6891
5527
2888
60
-1874
-3057
-4021
-4780
-4594
-2813
18
2729
4838
6886
9251
11471
12640
12615
11953
10967
9807
8226
6572
5168
3961
2881
1716
908
596
344
-273
-1078
-1618
-1674
-1464
-1280
-556
1078
3409
5158
5899
6746
7800
8553
8192
7060
5870
4485
2724
585
-1124
-2011
-2227
-2243
-2140
-1192
567
2562
3941
4967
5999
6781
7048
6537
5947
5489
5046
4149
2944
2055
1559
1081
190
-1073
-2286
-3271
-4281
-5480
-6790
-8026
-8981
-9443
-9508
-9229
-8721
-8069
-7705
-7820
-8388
-9238
-10293
-11618
-12944
-14169
-15272
-15792
-15652
-14914
-13758
-12228
-10243
-7980
-5647
-3615
-1769
-316
669
1289
2083
3520
4859
5189
4622
4197
4037
3364
2069
870
374
96
-339
-638
7
1533
3279
4726
5932
7512
9262
10678
11259
11402
11239
10655
9467
7903
6476
5245
3845
2239
970
330
136
-168
-435
-461
-224
43
380
951
1677
2339
2972
3744
4255
4509
4742
5148
5170
4554
3868
3544
3520
2927
1957
1058
559
310
201
464
1063
1965
2868
3740
4569
5635
6620
7023
6927
6705
6495
5915
4867
3469
2000
558
-1063
-2743
-4161
-5189
-6082
-6915
-7490
-7621
-7489
-7462
-7730
-8080
-8300
-8591
-9163
-9971
-10266
-9827
-9502
-10449
-11928
-12416
-12014
-11908
-12843
-13308
-12441
-11419
-10965
-10579
-9152
-6583
-3504
-326
2327
3854
4312
4870
5391
5016
3855
2430
1678
960
-146
-1348
-1637
-305
1513
2852
3450
4537
6660
8791
9818
9665
9137
8883
8732
8418
7809
7089
6431
5758
5274
4884
4449
3557
2547
1697
1028
311
-713
-1426
-1469
-876
-46
650
1523
2634
3900
4951
5149
4837
4402
4215
4019
3624
3116
2334
1806
1574
1532
1427
1245
1350
1655
2138
2525
2971
3623
4476
5312
5879
6287
6613
7106
7401
7211
6488
5263
3948
2391
629
-1235
-3056
-4533
-5817
-6621
-6935
-6903
-6805
-6717
-6664
-6848
-7395
-8226
-9147
-10068
-10924
-11907
-12571
-12938
-13069
-13148
-13064
-12627
-12262
-11954
-11757
-11534
-11326
-11361
-11152
-10560
-9585
-8312
-7020
-5355
-3502
-1617
-148
975
2032
3004
3877
4462
4747
4796
4920
4771
4517
4337
4485
4944
5220
5219
5416
6012
6481
6769
6868
6972
6944
7020
7160
7124
7103
6933
6807
6547
6188
5488
4596
3668
2697
1801
720
-149
-751
-634
-79
545
1225
1868
2908
3908
4697
5195
5564
5847
5296
4437
3731
3351
3072
2672
2268
1929
1904
1879
2183
2732
3394
3843
4032
4338
4785
5306
5302
4833
4197
3675
3162
2581
1848
895
45
-923
-2004
-3073
-4211
-5278
-6416
-7635
-8684
-9506
-9939
-10240
-10428
-10588
-10847
-10872
-10925
-10842
-10775
-10915
-11163
-11772
-12416
-13011
-13312
-13288
-13156
-12470
-11285
-9912
-8640
-7447
-6087
-4594
-3092
-2016
-1169
-521
-22
494
846
1328
1971
2811
3730
4572
5510
6351
6955
7171
7156
7380
7398
7123
6767
6508
6442
6425
6481
6532
6812
7035
7143
7175
6943
6592
6109
5580
4949
4116
3303
2524
1995
1699
1383
1268
1348
1486
1431
1537
2177
3155
4064
4468
5054
5540
5425
4897
4184
4145
3817
3238
2993
2995
3299
3300
3202
3189
3441
3549
3912
4533
4904
5148
5120
5035
4614
4112
3298
2587
2228
1599
704
-368
-1147
-1851
-2664
-3835
-5112
-6088
-7090
-8161
-9059
-9637
-9969
-10188
-10359
-10521
-10530
-10555
-10568
-10380
-10307
-10363
-10629
-10842
-11163
-11344
-11257
-11288
-10955
-10534
-9742
-8615
-7832
-7034
-6391
-5577
-4539
-3325
-2052
-1241
-300
637
1897
2938
3710
4445
5017
5733
6197
6805
7155
7414
7464
7276
7173
7077
7022
6978
7018
6941
6872
6660
6686
6913
7059
6863
6385
6019
5566
5128
4646
4282
3751
3159
2578
2137
1995
1742
1558
1440
1764
2277
2863
3479
4095
4889
5485
5893
6202
6415
6241
5666
4946
4382
3854
3135
2726
2426
2297
2360
2487
2949
3351
3720
4128
4358
4268
4027
3384
2803
2280
1627
1032
298
-387
-1264
-2166
-3172
-4123
-5128
-6162
-7308
-8292
-8974
-9693
-10281
-11045
-11557
-11731
-11481
-11081
-10649
-10168
-10076
-10274
-10742
-11066
-11395
-11839
-12132
-12083
-11628
-11126
-10583
-9684
-8554
-7540
-6481
-5582
-4476
-3230
-2138
-1128
-319
471
1007
1705
2329
3111
3882
4502
5340
6094
6828
7243
7694
8098
8387
8519
8475
8348
8248
8314
8275
8232
8084
7942
7960
8012
8110
8230
8134
7906
7599
7175
6736
6044
5413
4804
4247
3875
3505
3256
3009
2686
2467
2358
2351
2506
2680
2913
3056
3058
2863
2560
2202
1736
1233
567
-123
-642
-1093
-1451
-1749
-2074
-2304
-2382
-2190
-1715
-1299
-1086
-1116
-1399
-1794
-2272
-2899
-3581
-4203
-4848
-5328
-5836
-6611
-7484
-8348
-8861
-8974
-8868
-8490
-8170
-7955
-7840
-7642
-7241
-6917
-6835
-6965
-7116
-7393
-7403
-7313
-7251
-7190
-7444
-7504
-7332
-7064
-6561
-6136
-5711
-5331
-5032
-4131
-3321
-2490
-1440
-746
70
431
936
1774
2596
3449
3978
5103
7210
10217
12682
13266
11710
8939
6760
5607
5831
6004
5242
4185
3537
3822
4342
4829
5117
5428
6052
7262
9043
10504
11160
11141
10467
9113
7401
5992
5159
4695
3926
3059
2369
1922
1829
1561
1257
776
441
477
975
1530
1878
1969
1852
1670
1198
832
463
275
33
-518
-977
-1414
-1919
-2663
-3531
-4227
-4697
-4818
-4769
-4686
-4591
-4691
-4669
-4520
-4609
-4817
-5232
-5348
-5282
-4984
-4596
-4650
-4751
-5345
-5687
-5713
-5751
-5690
-5879
-5878
-5999
-6066
-6073
-6279
-6360
-6552
-6564
-6442
-6229
-5989
-5839
-5344
-5001
-4606
-4139
-3832
-3133
-2484
-1655
-859
-339
240
586
1157
1553
1888
2183
2540
3235
3706
4149
4361
4690
4988
5227
5629
5818
6226
6488
6705
6885
6870
7178
7397
7632
7817
7972
8307
8511
8760
8669
8318
8047
7935
7966
7920
7725
7485
7241
6917
6567
6111
5698
5342
5215
5147
4906
4726
4431
4074
3759
3219
2727
2366
2055
1726
1460
1121
725
499
78
-305
-581
-812
-1037
-1353
-1632
-1896
-2131
-2480
-3002
-3452
-3995
-4358
-4752
-5036
-5188
-5507
-5471
-5390
-5155
-5179
-5370
-5382
-5398
-5290
-5572
-5795
-5942
-6075
-6031
-6169
-6335
-6841
-7047
-6893
-6743
-6472
-6421
-6355
-6133
-5936
-5634
-5442
-5397
-5217
-5062
-4499
-4042
-3658
-3103
-2717
-2280
-1898
-1451
-864
-155
420
1080
1570
1933
2360
2623
2999
3288
3744
4148
4389
4848
5209
5494
5782
5882
5896
5663
5581
5789
5848
5885
5672
5574
5600
5493
5656
5659
5502
5284
5264
5456
5404
5377
5097
4935
4840
4618
4543
4366
4285
4513
4653
4555
4206
3634
3374
3058
2871
2733
2278
2134
1937
1893
1813
1532
1479
1427
1484
1589
1609
1528
1412
1158
960
609
293
56
-69
-94
-474
-894
-1306
-1664
-1992
-2482
-2969
-3407
-3757
-3953
-4161
-4455
-4888
-5203
-5429
-5779
-6172
-6499
-6878
-6944
-6948
-7036
-7161
-7438
-7650
-7983
-8208
-8427
-8459
-8173
-7800
-7376
-7084
-6957
-6782
-6676
-6590
-6491
-6278
-5903
-5450
-4841
-4402
-4177
-4106
-3845
-3097
-2196
-1417
-667
-20
684
1321
1784
2263
2620
3048
3581
4158
4516
4653
4839
5101
5387
5595
5708
5968
6170
6409
6797
6890
6868
6662
6596
6591
6513
6531
6489
6444
6308
6307
6287
6288
6136
5809
5449
5055
4887
4766
4757
4628
4405
4094
3823
3632
3360
3183
2906
2769
2610
2530
2500
2470
2540
2434
2386
2196
1974
1851
1854
1704
1444
1186
809
489
120
62
30
-8
-190
-590
-1041
-1594
-1793
-2212
-2511
-2326
-2721
-3087
-3077
-3367
-3786
-4424
-4956
-5595
-6094
-5939
-6191
-6531
-6437
-6446
-6954
-7203
-7181
-7595
-7697
-7568
-7492
-7405
-7330
-7049
-6731
-6285
-5895
-5837
-5947
-5889
-5755
-5541
-5212
-4938
-4467
-4091
-3623
-3177
-2693
-2092
-1529
-863
-429
196
668
1177
1645
1993
2523
2936
3594
3936
4287
4631
4927
5384
5509
5715
5820
5690
5917
6643
6661
6421
6891
6561
6335
6790
6826
6621
6511
6538
6199
6109
6080
5880
5641
5397
5218
4794
4693
4636
4588
4444
3934
3597
3303
3169
3118
2962
2745
2483
2392
2270
2299
2273
2030
1789
1709
1721
1565
1419
1212
1032
665
256
-38
-368
-465
-508
-540
-829
-1414
-2033
-2464
-2585
-2780
-3017
-3242
-3458
-3614
-3745
-3983
-4420
-4821
-5142
-5257
-5551
-5849
-6046
-6212
-6189
-6378
-6518
-6796
-6990
-6898
-6847
-6808
-6868
-6894
-6740
-6411
-5986
-5939
-6067
-6170
-6137
-5871
-5570
-5245
-4992
-4577
-4157
-3833
-3629
-3260
-2735
-2216
-1673
-1386
-1133
-683
101
1011
1428
1571
1621
2063
2990
3819
4415
4484
4538
4713
5195
5762
5993
6082
5897
6009
6213
6478
6692
6700
6673
6411
6250
6162
6169
6168
6015
5722
5288
4990
4875
4834
4759
4587
4376
4154
3958
3744
3527
3318
3017
2768
2582
2499
2491
2370
2218
1977
1771
1548
1319
1054
797
661
489
268
20
-194
-441
-575
-693
-841
-1078
-1428
-1725
-2051
-2251
-2370
-2639
-2820
-3024
-3129
-3296
-3432
-3546
-3923
-4215
-4608
-4794
-4921
-5050
-5184
-5406
-5694
-5996
-6231
-6431
-6544
-6619
-6625
-6667
-6679
-6573
-6486
-6396
-6452
-6604
-6542
-6426
-6171
-5995
-5835
-5634
-5377
-5079
-4917
-4746
-4528
-4003
-3220
-2476
-2083
-1949
-1804
-1273
-590
-23
354
540
1045
1715
2656
3356
3523
3671
3833
4216
4520
4848
5113
5271
5641
5951
6257
6284
6311
6405
6448
6504
6364
6382
6390
6461
6544
6374
6104
5865
5763
5647
5456
5207
4928
4690
4454
4221
4024
3779
3485
3256
3108
2875
2645
2464
2338
2260
2075
1760
1455
1255
1123
959
753
500
120
-148
-336
-499
-760
-993
-1039
-1134
-1349
-1622
-2028
-2417
-2542
-2605
-2721
-2831
-3053
-3208
-3339
-3589
-3855
-4161
-4399
-4619
-4675
-4862
-5036
-5050
-5168
-5311
-5546
-5812
-5909
-5811
-5684
-5613
-5681
-5837
-5950
-5888
-5606
-5427
-5323
-5114
-4848
-4475
-4152
-4085
-4011
-3953
-3899
-3787
-3630
-3225
-3048
-2890
-2676
-2408
-2059
-1725
-1375
-1145
-1019
-818
-418
42
552
878
1253
1601
1997
2455
2707
2911
3023
3257
3576
3909
4245
4365
4515
4772
5171
5480
5615
5727
5770
5828
5815
5851
5752
5582
5467
5391
5366
5297
5201
5077
4945
4790
4523
4173
3921
3765
3610
3441
3284
3088
2907
2690
2445
2166
1820
1450
1070
749
373
43
-279
-480
-635
-913
-1201
-1649
-2033
-2274
-2557
-2882
-3189
-3411
-3563
-3753
-3876
-4085
-4242
-4257
-4374
-4600
-4870
-5021
-5028
-4965
-4968
-5039
-5141
-5113
-4962
-4726
-4519
-4407
-4424
-4559
-4542
-4475
-4291
-4151
-3907
-3610
-3539
-3433
-3379
-3236
-3155
-3033
-2904
-2866
-2687
-2428
-2055
-1779
-1653
-1596
-1686
-1561
-1325
-1108
-894
-937
-910
-960
-943
-854
-800
-690
-702
-628
-538
-490
-283
-44
157
236
253
451
784
1213
1529
1687
1875
2068
2337
2662
2810
2918
3072
3403
3874
4236
4522
4568
4534
4580
4691
4877
5028
5176
5284
5425
5475
5371
5284
5157
5096
4959
4751
4612
4499
4485
4395
4149
3826
3377
3083
2877
2553
2326
2079
1727
1291
950
728
434
25
-273
-535
-955
-1335
-1570
-1795
-2207
-2537
-2889
-3261
-3326
-3355
-3505
-3683
-3897
-4002
-4092
-4249
-4335
-4601
-4726
-4542
-4306
-4044
-4013
-4113
-3965
-3729
-3745
-3614
-3501
-3568
-3317
-3072
-2936
-2693
-2474
-2320
-2204
-2056
-1901
-1816
-1665
-1556
-1380
-1291
-1337
-1170
-876
-391
-100
2
-109
-308
-305
-253
-3
211
194
175
207
244
371
574
877
1025
1011
884
803
831
737
579
434
357
400
473
579
613
521
400
156
68
205
396
398
326
645
994
947
1115
1356
1283
1047
1001
1308
1291
1271
1515
1555
1508
1482
1622
1918
2114
2141
2037
2100
2285
2462
2678
2800
2708
2574
2711
2996
3168
3075
2869
2583
2379
2288
2128
2106
1986
1711
1655
1758
1727
1418
1351
1413
928
576
827
925
722
379
203
314
-129
-369
-301
-586
-1104
-1444
-1336
-1470
-1671
-1499
-1481
-1982
-2299
-2111
-1988
-2229
-2319
-2280
-2538
-2462
-2220
-1766
-1604
-2019
-1911
-1738
-1598
-1669
-1550
-1491
-1703
-1481
-1487
-1509
-1019
-572
-638
-639
-295
58
88
-82
51
347
586
483
730
1263
994
775
1224
1250
1133
1303
1019
948
1134
1366
1326
944
850
1182
1084
941
1039
1167
1335
1012
733
870
805
79
4
358
289
-38
-90
292
69
-182
445
382
-448
-338
32
-238
-229
103
225
-217
-139
274
91
-216
-229
239
-106
-326
-45
-216
-673
-769
-459
-342
-474
-281
-137
154
95
118
429
456
790
411
-185
-281
1
-560
-345
283
361
179
264
670
652
943
607
405
-203
-320
286
-553
-460
166
-227
96
665
859
183
252
473
-149
-207
-5
-230
-357
-305
5
441
316
822
785
463
550
279
-124
-59
-333
-360
-40
115
69
356
854
577
361
93
327
442
297
594
376
218
412
732
701
373
792
686
628
928
741
301
378
745
738
480
930
719
162
527
708
662
357
619
828
205
313
800
360
557
998
722
433
675
611
409
497
774
678
365
197
737
639
-136
-6
421
543
205
423
273
-339
-383
392
-60
-390
366
85
-501
-399
-30
-71
173
546
167
-93
472
324
-333
-21
5
-407
-36
367
198
40
174
528
444
69
614
814
127
-94
526
484
16
322
400
349
235
660
902
547
445
-158
440
598
377
600
673
656
370
263
26
923
577
479
485
485
289
-32
548
861
549
147
1074
587
231
736
660
125
36
113
157
214
530
540
781
894
1166
933
382
715
753
559
215
508
126
642
1059
989
630
1148
621
537
1041
243
395
288
371
60
152
-52
579
764
-14
130
441
453
101
4
483
-115
-596
653
134
401
915
124
683
34
420
447
-359
170
-478
2
86
-530
167
-158
-332
45
-201
493
4
-68
110
204
970
-424
-36
181
-496
655
382
33
-378
119
437
-300
84
-114
-650
-449
398
-194
-787
-510
358
68
54
-462
-1012
279
-126
-498
106
284
264
-53
-86
654
-15
-1019
-469
22
-241
-790
-209
201
-456
135
-430
395
376
-844
-161
-175
-731
-17
-333
-583
205
275
-1010
-568
646
-832
610
-287
251
237
-854
138
-317
449
-334
48
409
-374
43
-37
92
-334
-437
300
122
-146
92
-110
611
-480
-900
563
-691
-255
372
-74
-346
213
-34
-273
172
-181
16
406
721
181
252
347
-515
94
-115
-458
-561
48
-218
-526
-151
-429
-60
-666
-197
568
54
-923
382
-130
-440
-181
-515
-851
-551
-122
-95
782
-637
-39
297
-640
-344
-351
149
-644
-615
106
-1313
-441
-127
-353
56
-368
-111
-803
-113
128
-842
228
-462
-259
-20
-869
-51
-562
-116
205
-185
-275
-668
484
-834
-293
657
-1135
244
-317
-329
1027
-486
-266
444
380
23
-534
513
-21
125
102
-121
386
-885
-998
202
-799
-172
722
464
-585
-104
1017
-479
310
-1365
150
89
-1233
275
-705
799
233
-814
334
-271
-187
-400
354
-71
-693
856
-282
12
-45
-397
490
-330
-522
-181
-768
783
241
-193
1310
631
270
-159
614
103
189
-372
-61
1121
-914
-396
-24
92
425
-70
-150
-448
-434
704
915
-542
1
144
-631
-314
-435
75
-273
-189
11
-239
-32
575
666
-467
418
246
-428
-558
-620
-193
-496
-421
-337
-380
16
-498
-155
212
-29
-286
-322
-430
-494
-125
200
139
-361
67
-400
-276
-108
495
-658
5
151
-666
961
-1301
-770
121
-476
77
-594
-698
-337
16
-922
-519
845
-422
-170
-595
-852
667
-258
166
-55
-592
939
-1447
-710
964
-1115
-467
-875
-119
-1014
-941
381
-972
118
-961
-726
-951
-735
341
-1578
-374
514
-456
-723
-294
247
-184
-490
460
-610
-247
706
-697
-662
-491
-308
-217
-369
385
377
-265
-475
-202
261
-224
-123
16
-9
-658
-1105
-278
169
-819
-136
74
137
-877
-655
580
-947
217
-16
-120
-514
445
417
585
-256
-474
788
-579
-56
-646
-169
400
-580
-1448
156
-107
-879
177
-393
-486
416
567
-273
-129
439
-819
899
-317
-94
307
-998
101
-579
925
20
26
-52
775
-498
681
614
-211
1092
523
108
-1260
441
-649
-454
-306
-152
716
-595
-93
1429
508
-843
171
1181
-257
410
-17
-655
517
480
124
766
218
205
397
-374
900
-1063
392
-279
-731
-114
-1004
-530
461
-68
-839
1222
1126
-34
-379
557
-603
259
164
-640
152
-584
-212
945
1458
-437
-350
736
324
1190
-399
505
770
-126
552
49
272
272
-459
558
295
-736
1632
-513
-52
1034
549
324
-360
912
199
-32
331
723
421
200
543
285
55
566
570
39
460
-185
173
382
301
317
-434
1189
858
907
544
637
1504
188
-144
471
385
292
992
1116
-41
-90
549
134
618
-65
349
1054
675
273
1238
1059
358
-97
-119
513
781
-35
-390
1304
735
200
247
295
-162
312
62
-765
-439
477
964
-289
-455
233
343
342
485
804
543
717
24
-10
924
539
166
29
-1
890
211
237
1089
164
962
-306
160
860
-80
54
-413
133
60
29
329
483
790
-11
-52
1085
-261
-485
893
445
192
422
981
240
455
-243
-656
1171
18
-357
1429
329
548
762
-277
293
309
1712
-430
275
760
-1397
1296
-605
-241
1054
22
1864
-203
-847
-552
-51
528
339
415
249
-546
48
818
-74
318
-463
1489
451
-525
44
-27
179
-490
145
-214
-729
713
854
-599
817
395
224
-79
-534
261
-961
-684
429
-263
444
57
-270
648
-489
179
-311
-281
-291
-366
166
337
1320
-107
-824
-813
158
126
-643
-430
282
1409
174
-785
74
274
-389
204
-789
107
358
-2109
237
500
-178
-1253
222
-367
-609
630
-1774
271
-335
-133
-71
261
-602
-963
-450
283
193
-1931
371
-299
79
1341
-1046
494
2022
-774
-651
-35
415
-220
-290
646
1125
-71
-654
-605
-966
-285
-1090
215
579
-1470
-1252
953
-1413
-32
377
-421
612
-909
974
-220
-1199
569
156
331
-1310
-593
1168
-1030
-586
127
432
-1475
-313
981
-329
682
709
-1008
-223
-122
-212
-471
-350
79
-933
-628
-454
276
-462
505
-337
-921
291
690
-506
852
166
-1187
-881
110
-219
-785
334
-1532
-542
77
-219
-257
172
660
342
-687
-123
585
-325
-1424
69
105
-495
-458
-1229
-106
-323
-36
37
-360
-81
-1273
341
-119
-340
-577
-1208
559
-1475
-732
-427
606
1556
28
229
-410
-1060
1013
-781
-513
1982
-995
-40
-5
-747
-332
-1304
-129
150
-145
-322
415
1012
1278
377
-310
395
-392
25
-879
-340
646
-4
-598
967
106
-676
897
-475
60
-1090
40
749
-256
-312
285
513
-762
-389
-403
45
-215
498
773
-343
318
-420
-622
343
285
561
124
1094
-36
851
-406
-773
611
-90
217
-708
-13
-921
579
445
195
-388
-48
871
-1025
209
25
-694
105
-600
-45
-357
-492
776
26
-1448
230
394
-356
-66
254
392
-1423
-351
722
241
-406
428
3
-723
155
-556
-1473
590
760
-1132
-257
604
-908
-412
-807
-787
908
303
-998
-199
141
219
464
-456
193
352
650
101
-580
-31
-737
-1116
323
-492
201
93
276
-735
-549
-287
-153
26
-301
-1430
-335
1243
-1207
399
-1118
-241
-309
-108
1352
-667
-162
493
889
54
-358
1053
-462
479
-553
-639
1304
687
-285
15
207
-542
-545
-701
-463
-369
2195
-2084
366
-155
-1477
841
-1644
855
-489
-547
-100
-583
349
-61
-492
421
-19
841
-794
-367
1243
-1716
61
-1324
-927
1233
-2046
974
-548
-660
954
-1359
315
-232
120
-15
-176
-486
-597
-1422
805
-687
-1734
454
-400
-191
297
-802
-561
716
-449
524
-830
501
-114
-140
953
-382
771
115
-1043
3
147
-127
-215
-159
-84
108
-169
-328
1905
-527
-1032
394
-365
538
-802
-504
1299
-7
359
-729
-49
744
-535
-285
-429
892
273
-291
274
376
-190
72
-16
-853
350
-653
504
-71
-1113
326
-188
651
242
-291
-422
979
652
970
335
-201
137
268
1264
-363
283
442
-489
-106
754
345
-364
-424
217
390
-379
455
250
-616
772
548
547
-610
-2
383
24
479
-408
227
-133
627
305
-708
121
1168
-231
-103
584
-263
-99
-687
490
251
-670
-2
-601
608
-429
-117
537
-691
261
281
-271
385
-111
-349
475
72
-455
64
870
-85
251
718
72
19
-97
324
679
113
123
-472
1043
-136
410
662
-230
771
251
-112
-533
956
-98
341
310
-140
1087
117
-511
703
595
-64
445
-516
317
582
-615
1118
-566
325
171
-217
818
51
1311
-401
567
317
90
-36
436
426
-1321
99
302
-410
-71
204
-132
265
-209
311
688
182
154
383
632
505
314
32
392
-448
277
702
-359
1476
615
-170
351
-219
-100
-659
456
670
259
-56
-724
-312
438
-1252
478
1287
-882
-29
42
-126
-192
985
280
-124
-828
-260
1
-252
-388
-1172
-77
440
136
-157
195
-48
697
316
269
746
363
942
-292
-573
370
-321
606
-665
-342
450
-253
643
-70
41
-317
1351
1012
-79
562
-995
-245
-364
-659
982
-222
-868
468
-804
-698
-436
-393
-87
-460
588
-411
-235
355
-859
220
455
528
-210
-981
187
-889
-593
-124
-160
318
-119
-821
-295
-55
-762
-478
-462
-1055
678
605
-1132
836
423
11
-478
-632
1042
409
-765
7
-322
27
95
-1007
450
97
378
-420
54
430
-1280
195
-23
-899
610
459
46
931
293
567
694
-719
162
-183
338
899
-512
-509
-780
-153
-507
-49
-238
665
331
374
438
-152
397
-520
-905
-256
245
45
327
-834
357
-84
-608
-650
-22
656
-382
-591
621
629
-543
-539
-104
386
-341
-607
67
-232
-300
391
-73
482
-187
-251
-49
441
-30
-263
294
500
221
-266
855
-179
-73
54
25
463
131
140
-108
623
832
-514
207
-160
-666
100
-222
441
-109
-367
-75
-220
892
-95
-908
1117
55
203
680
192
700
59
75
380
214
-375
-269
931
-9
-1271
-223
365
-33
19
-682
-10
1315
-626
412
124
187
-90
-458
501
118
139
807
191
14
538
693
871
-1238
614
261
539
419
-644
-408
171
983
-580
-50
375
261
309
151
397
566
34
226
133
-166
797
82
376
918
104
425
-1162
135
-257
-532
926
-368
-162
-207
262
-125
1459
1205
-146
142
76
304
47
139
-152
340
-465
-181
-223
-244
-48
-239
425
-357
-373
234
53
-105
1
-649
-877
-11
799
491
199
-239
185
-162
-165
474
-360
-561
-153
434
294
-318
113
1222
85
-509
308
500
-766
291
-159
-1385
377
-64
-131
120
-386
-584
137
-76
-890
-45
-383
-1165
583
67
-341
-523
-248
370
-1019
131
520
296
-600
-969
-31
-133
-525
-395
-104
-66
-21
-449
287
-925
-239
-311
49
513
-1205
-82
-96
-879
-62
-368
-129
296
-408
51
-917
258
-925
-90
-247
-364
-305
109
392
-808
-354
94
-240
-334
370
-313
1040
-1504
-954
304
-658
-484
-616
-1038
-393
-183
401
-83
-519
-1071
313
138
-1006
343
-397
-2072
284
1153
-266
-709
-656
678
-663
195
-670
-123
-326
-879
-759
512
-968
-113
182
-622
501
-744
978
478
-53
-647
-376
56
-867
608
-515
464
1303
-653
-160
-262
-536
-729
289
-1040
-660
-780
-68
-396
-667
-288
-914
24
-67
-97
-201
25
495
-260
-71
791
-248
-506
21
-193
-294
403
282
572
-283
179
664
-436
52
1506
-452
3
-1343
-110
614
-681
1562
-165
-184
187
-668
199
502
-573
680
-852
681
118
-204
572
-1272
70
-5
-1024
-25
-333
925
652
-221
1140
855
689
-353
232
20
-221
-570
-334
-551
536
-1331
264
859
-716
-562
550
207
-118
1291
-1424
-32
-196
-447
-320
342
162
-484
-96
334
-1
-218
627
197
-505
-427
-362
-178
-665
890
-296
-581
430
-336
873
-335
494
940
-98
-436
369
177
745
-305
-127
781
-379
692
153
735
472
61
906
-681
1283
-195
-282
519
-915
179
1375
-512
107
575
-1067
1011
-604
-183
-185
313
48
-17
523
385
288
182
15
885
-948
9
778
-1235
-388
98
-505
-66
741
-611
-61
230
183
-633
167
814
-108
-1233
-128
-756
1170
455
-770
-504
335
238
-499
-25
435
-105
-848
656
-275
114
-257
-16
-26
421
-248
92
234
-260
529
-189
60
987
-1018
-381
-101
304
348
-1343
-699
-359
-551
33
687
-794
-227
-521
-299
-576
-749
480
-760
-42
488
-800
-438
-300
-937
919
-173
-1051
116
639
483
-946
-643
-1014
-316
-509
-441
572
396
-644
-965
-260
589
-85
-28
-391
226
-165
-521
1346
-598
-1200
494
-305
498
1109
-612
120
-631
-59
60
-174
62
-1401
-1413
633
-329
-868
646
-545
-100
173
-619
207
-705
-481
-451
-647
406
-33
-699
-287
-92
-468
668
415
476
33
-183
389
505
-505
-458
343
-565
-18
21
121
767
1117
515
-174
655
449
-424
-851
492
154
-568
-142
205
76
-321
-253
-611
241
233
-19
-136
687
96
-283
657
-17
-42
-3
-557
325
316
-1010
272
-295
62
-38
-121
1012
-818
332
173
-111
416
-211
154
-171
-147
353
76
-391
-13
-239
-182
1304
984
-170
-961
-108
-333
73
294
-391
944
479
1125
-39
-315
550
86
644
430
-484
2104
102
-245
602
-994
1097
-397
264
16
376
251
-549
795
-205
-1123
874
593
-159
209
342
1487
-132
750
95
-1006
1099
-505
-629
126
-401
220
-7
394
335
391
412
721
-204
704
445
59
617
-471
1241
604
-313
-202
733
504
169
156
168
97
-174
649
742
-228
-291
-133
-329
737
-348
220
438
23
1049
-104
-61
-408
104
238
-555
896
601
-148
160
361
561
-579
426
1066
-1255
1286
-255
-644
1023
-413
1489
35
382
1346
-685
520
-201
42
1598
-676
993
270
-738
1803
-590
-614
158
-779
1062
-731
-303
532
-796
1584
-280
-441
894
-1540
1284
1033
-226
1111
-1544
670
367
-1192
819
-765
962
1223
-1368
984
315
-472
905
-370
1234
74
-1027
833
-975
512
386
-482
1614
-732
79
835
-1594
1087
-290
-576
1410
-1238
172
-216
-1335
404
-980
479
-146
-1047
1298
-1224
30
79
-1209
298
-1275
142
520
-1371
1233
151
-824
37
-734
749
64
-11
573
-807
144
136
-253
533
-71
431
-82
259
143
-384
817
-208
76
799
-444
242
-948
121
510
-1562
644
-157
184
437
-1082
793
-58
-1048
11
-762
1184
-23
-1250
766
-1062
371
155
-967
1092
-535
387
76
-906
2625
114
-679
492
-1314
664
-305
-607
950
-918
882
-323
-848
1097
-1095
-21
-123
-435
618
-1203
-257
747
-688
302
-221
-253
-84
-638
683
-644
-314
314
-1154
297
503
-414
-42
-662
456
238
-687
321
-591
528
397
-883
276
-773
-537
225
-416
718
-131
-886
634
-364
-161
-48
-846
545
51
245
5
-888
399
33
-157
184
92
579
-253
181
892
-558
-176
240
-234
-13
228
1032
42
-700
766
-631
-451
663
-398
-57
273
477
104
-1003
33
26
-742
911
242
438
673
261
1233
-302
-129
752
-261
55
71
-277
-13
-103
-490
330
95
111
-103
-406
305
-138
193
-137
916
1001
-132
208
-82
300
1069
269
-286
451
-66
192
881
400
383
-137
387
415
-519
-129
257
31
203
-2
-127
285
314
330
-244
277
743
-50
-357
26
722
699
222
-114
309
670
167
448
827
124
-179
199
132
566
25
-151
-5
-142
-163
-109
214
145
127
236
-4
-419
317
164
19
201
378
592
-46
-320
-2
-54
-256
-555
116
-310
-746
-144
103
377
198
477
499
-177
-675
-135
-119
-232
77
66
-863
-441
-108
-462
-176
-467
-386
458
-221
-280
205
-548
106
-365
-282
415
-46
-620
-229
-539
-428
-469
93
686
-290
226
-54
-242
-87
30
45
-43
-418
-177
101
28
148
-194
48
339
-12
88
-13
-51
426
150
288
52
173
340
72
197
316
39
-196
406
648
-241
-423
321
-225
-298
263
-150
18
416
-427
-150
298
203
29
-552
-329
409
-65
-190
331
105
419
-156
-118
342
265
31
-745
-28
607
-684
-699
-703
-589
-121
-448
-14
138
-346
-480
-223
-120
190
-557
-862
-26
229
-241
-1052
-1028
-130
-19
-598
-542
-230
-186
-414
-557
68
-83
-322
-486
-714
268
344
-502
-423
-66
136
156
-314
-3
18
-158
247
55
-245
300
-396
-301
541
-38
445
52
-608
594
310
186
433
-389
165
-57
-133
529
-34
142
76
-519
237
-234
3
156
-213
884
294
-302
541
-95
-184
377
-679
-29
405
-416
-153
95
-174
254
-577
-1016
150
-74
-171
-184
-683
-737
-534
-670
-309
-305
-659
-421
-1023
-804
-138
-550
-527
-708
-1005
-869
-1362
-1131
-185
-572
-535
-457
-721
-274
-676
-821
-251
46
-13
-360
-442
161
337
89
85
193
506
426
125
79
518
382
227
209
313
846
480
408
1059
1089
880
613
395
892
1092
1023
1112
988
1226
1267
853
1143
1477
1409
1201
1240
1713
1771
1168
949
1219
1412
1593
1380
1045
1515
1444
680
583
715
758
637
436
294
306
-207
-291
-351
156
226
-431
-182
-373
-759
-1155
-1345
-1369
-1207
-1687
-2173
-1752
-1535
-1962
-2325
-2335
-1809
-1877
-2785
-3021
-2181
-1925
-2228
-2134
-2672
-2749
-2461
-2495
-2174
-2201
-2477
-1754
-1558
-1215
-880
-1274
-1091
-654
8
292
387
689
1047
1543
1724
1573
2122
2488
2606
2896
3144
3449
3333
2998
2914
3214
3385
3242
3016
3061
3026
2818
2378
2023
2021
1837
1731
1653
1599
1553
1027
526
254
135
223
113
80
157
-56
-421
-664
-607
-354
-286
-273
-255
-51
-129
-212
-104
-40
183
400
498
577
706
610
780
1221
1562
1310
1079
1403
2283
2800
2467
1798
1270
1344
1384
1497
1658
1549
1215
510
67
25
90
-182
-402
-350
-199
-119
-892
-1931
-2342
-2136
-1646
-932
-1172
-1739
-2831
-3629
-3192
-2487
-2141
-1904
-2603
-3310
-3125
-3649
-4008
-4242
-4213
-4307
-4159
-4207
-4610
-5435
-6060
-5459
-4297
-3154
-2452
-2416
-2251
-1898
-1862
-1693
-973
272
1150
1942
2555
2574
2407
2168
2232
3466
4716
5228
5133
4665
4100
3860
3717
3705
4174
4291
4055
3493
2677
2052
1433
903
1006
1341
1325
762
-273
-1146
-1626
-1800
-1685
-1293
-877
-1125
-1578
-2003
-2349
-2290
-2057
-1764
-1115
-674
-609
-887
-1136
-857
-587
-77
681
1209
1494
1388
1150
1328
1756
2211
2463
2927
3396
3456
2958
2404
2288
2558
2879
2936
2798
2394
1815
1091
748
725
864
634
107
-207
-589
-1138
-1766
-2174
-1933
-1691
-1857
-2273
-2831
-3189
-3553
-3454
-3139
-2943
-2887
-3221
-3483
-3354
-3131
-2960
-2927
-2755
-2560
-2729
-2882
-2956
-2919
-2938
-3062
-3060
-2845
-2824
-3009
-3387
-3673
-3687
-3734
-3605
-3026
-1655
-471
-474
-1572
-2309
-1574
-8
1431
2030
2020
1868
1768
1749
2301
3320
3979
3972
3856
4129
4242
3786
3018
2993
3782
4485
4397
3479
2555
1915
1870
2160
2538
2692
2168
1098
502
520
522
448
107
203
508
647
444
134
6
207
663
1293
1885
1791
1405
1276
1957
2957
3434
3398
3266
3495
3813
3823
3749
3813
3887
3881
3709
3519
3201
2534
1945
1687
1900
1736
801
-469
-1290
-1436
-1591
-2117
-2984
-3891
-4637
-5193
-5666
-6069
-6569
-7182
-7772
-7931
-7978
-8468
-9416
-10188
-10153
-9668
-9252
-9168
-9259
-9128
-8879
-8151
-7111
-5444
-3224
-1795
-1768
-2480
-1751
628
3185
4305
4513
4784
5312
5907
6342
7334
8485
9037
8760
8486
8495
8355
7699
7083
7387
7849
7535
5885
4187
3447
3375
3496
2921
2130
983
-363
-1258
-1570
-1473
-1700
-2597
-3322
-3570
-3637
-3726
-4296
-4244
-3760
-3374
-3327
-3613
-3600
-3287
-2785
-2072
-1314
-722
-690
-697
394
1779
2541
2246
2159
3271
4702
5437
5203
4918
5341
6050
6669
6879
6739
6505
6112
6124
6399
6416
5873
4892
4286
4327
4188
3409
2373
1722
1550
1429
727
-261
-1025
-1532
-1807
-2121
-2529
-3307
-4148
-4654
-4707
-4595
-4869
-5637
-6236
-6122
-5877
-5876
-6443
-7019
-7190
-7145
-7165
-7527
-7989
-8601
-8847
-8393
-7742
-7202
-7552
-7998
-7120
-4903
-2549
-2506
-4042
-4394
-2111
1230
2613
1833
1173
1881
3402
4642
5392
5889
5983
5954
6136
6816
7325
6744
5727
5751
6684
7099
5755
3927
3295
3992
4710
4020
2581
1203
547
496
523
418
-222
-1366
-2175
-2179
-1691
-1635
-2338
-2856
-2630
-2018
-1981
-2547
-2751
-2224
-1416
-922
-502
-140
-104
-334
-75
1534
3274
3548
2606
2101
3160
4864
5686
5306
4776
4892
5311
5550
5594
5545
5394
4989
4664
4634
4322
3584
2695
2548
2726
2335
1097
-249
-621
-568
-715
-1555
-2807
-3689
-4033
-4281
-4698
-5026
-5194
-5932
-6502
-6662
-6809
-7062
-7528
-7642
-7699
-7972
-8335
-8435
-8202
-7667
-7499
-7653
-7560
-6890
-5681
-4035
-2726
-2943
-3922
-3379
-595
2102
2453
1243
1157
2781
4627
5323
5250
5430
6227
6812
6847
6870
7112
7188
6995
7123
7231
6736
5395
4538
4936
5529
5144
3557
2073
1669
1969
1864
1001
-21
-689
-1068
-1471
-1708
-1953
-2251
-2479
-2637
-2664
-2847
-3132
-3088
-2594
-2001
-1881
-2256
-2466
-1619
-64
816
416
-307
309
2091
3478
3609
3301
3424
4188
5101
5653
5889
5868
5732
5790
6071
6325
6072
5454
5141
5258
5191
4376
3365
2793
2815
2700
1879
542
-433
-826
-1004
-1563
-2628
-3505
-4217
-4639
-4801
-5154
-5580
-6359
-6952
-6983
-6954
-7138
-7849
-8115
-8030
-8105
-8472
-8759
-8519
-8131
-8020
-8077
-7801
-7301
-6316
-4876
-3413
-3272
-4500
-4487
-1994
1135
1940
481
-182
1412
3703
4616
4258
4341
5412
6332
6229
5825
6091
6778
7026
6898
6609
6204
5444
4879
5220
5679
5337
3763
2229
1987
2469
2458
1387
114
-380
-542
-909
-1550
-1979
-1906
-1991
-2367
-2953
-3264
-3229
-3015
-2732
-2660
-2694
-2961
-2985
-2734
-1571
-191
51
-859
-1750
-529
1771
3211
2916
2015
2113
3208
4645
5276
5056
4961
5108
5249
5358
5450
5546
5497
5359
5150
4486
3769
3261
3252
3465
2786
1492
174
-308
-211
-472
-1321
-2452
-3224
-3796
-4270
-4567
-4925
-5252
-5764
-6224
-6630
-6951
-7041
-7156
-7227
-7548
-7876
-8338
-8451
-8027
-7588
-7564
-8044
-8024
-7508
-6725
-5801
-4571
-3479
-3792
-4645
-4053
-1444
929
954
-256
-102
1765
3419
3674
3416
4157
5448
5977
5346
5002
5849
6843
7039
6305
5670
5521
5430
5447
5400
5222
4562
3554
2782
2653
2746
2331
1413
662
261
-174
-695
-1144
-1168
-1149
-1488
-2158
-2615
-2604
-2292
-2145
-1886
-1740
-1967
-2419
-2293
-1110
-178
-84
-760
-840
97
1298
1946
1830
1888
2427
3103
3541
3670
4008
4577
4774
4682
4444
4435
4773
4980
5054
4645
4004
3565
3300
3336
3114
2461
1583
808
505
209
-372
-1110
-1759
-2053
-2493
-3277
-3864
-4115
-4155
-4444
-5185
-5656
-5932
-5932
-5963
-6483
-7013
-7308
-7416
-7507
-7291
-6949
-6888
-7194
-7283
-6959
-6296
-5821
-5426
-4247
-3235
-3364
-4039
-3159
-584
1267
997
-216
171
2252
3959
4006
3483
4055
5327
5934
5608
5643
6532
7340
7213
6506
6096
6194
6279
5935
5585
5082
4621
4002
3438
3348
3168
2768
1997
1359
1043
728
240
-187
-433
-695
-1156
-1649
-1881
-1707
-1481
-1262
-1059
-1283
-1665
-1717
-863
61
111
-518
-890
-100
1018
1705
1723
1561
2064
2753
3186
3348
3546
3933
4121
4023
3957
3952
4180
4350
4304
4118
3758
3568
3402
3344
3221
2858
2256
1673
1382
1238
955
476
-179
-788
-1259
-1777
-2261
-2921
-3505
-4143
-4753
-5258
-5819
-6353
-6892
-7308
-7883
-8643
-9311
-9667
-9807
-10014
-10250
-10393
-10409
-10133
-9684
-9200
-8236
-7018
-6369
-6471
-6467
-4872
-2598
-1422
-1657
-1899
-580
1435
2768
3009
3201
4194
5490
6048
5968
6229
7211
7958
7811
7464
7415
7767
7963
7863
7557
7110
6721
6283
5858
5683
5350
4685
3989
3452
3263
2965
2392
1904
1535
1254
840
265
222
322
141
-507
-909
-524
-357
-546
-1022
-993
-448
-255
-411
-618
-381
149
393
367
365
597
866
998
1234
1636
1830
1917
1934
2173
2671
2799
2849
2759
2951
3273
3219
3014
2841
2873
2745
2351
1878
1572
1467
1215
700
149
-367
-812
-1227
-1807
-2433
-3096
-3816
-4510
-5194
-5837
-6510
-7267
-8075
-8820
-9359
-9803
-10440
-11018
-11419
-11301
-11073
-11217
-11344
-11042
-10139
-9045
-7367
-5990
-6061
-7045
-6382
-2794
355
126
-2397
-2832
543
4200
4869
3398
3134
5243
7216
7180
6525
7141
8707
9077
8033
7468
8061
9106
9117
8173
7342
6945
7016
6851
6615
6318
5560
4644
4090
4102
4179
3578
2766
2577
2673
2471
1839
1733
2203
2361
1710
974
1053
1693
1941
1358
910
965
1368
1430
1048
857
989
1150
988
833
1004
1193
1257
1251
1232
1423
1444
1245
1309
1485
1608
1439
1129
1153
1182
1182
816
464
369
205
-143
-633
-1130
-1519
-1751
-2327
-2801
-3312
-3780
-4341
-4958
-5426
-6080
-6626
-7223
-7880
-8608
-9248
-9683
-10036
-10396
-10747
-10735
-10524
-10303
-10258
-10046
-9467
-8568
-7423
-6669
-6185
-5705
-4499
-2828
-1550
-992
-659
273
1737
2964
3508
3931
4682
5842
6596
6744
6919
7427
8141
8306
8061
7941
7957
8143
7857
7398
7020
6720
6483
6092
5763
5442
4994
4484
4103
3846
3708
3172
2716
2433
2389
2454
2035
1525
1808
2582
2546
1700
952
1726
2846
2762
1656
613
1193
2207
2247
1520
744
1072
1602
1521
1298
1112
1302
1427
1225
1312
1355
1470
1570
1385
1442
1264
1157
1147
1132
1115
642
106
-81
-84
-216
-1054
-1946
-2367
-2595
-2875
-3711
-4748
-5444
-5683
-6070
-6838
-7798
-8495
-9020
-9621
-10262
-10885
-11246
-11486
-11893
-12070
-11981
-11640
-11200
-10887
-10325
-9730
-8945
-7917
-6939
-6178
-5520
-4480
-3124
-2063
-1246
-450
511
1438
2337
3213
3989
4620
5069
5418
5925
6614
6927
7045
6974
7204
7323
7208
7070
6827
6711
6368
6036
5750
5548
5353
5151
4826
4441
4138
3926
3695
3436
3444
3138
2774
2514
2498
2692
2334
2089
1844
1929
2268
2076
1813
1570
1660
1899
1758
1462
1324
1319
1547
1622
1508
1444
1427
1591
1726
1693
1644
1587
1680
1740
1683
1598
1483
1543
1572
1383
1025
735
548
460
118
-386
-1095
-1773
-2081
-2617
-3167
-3896
-4624
-5114
-5792
-6258
-7048
-7706
-8095
-8778
-9382
-10392
-11074
-11270
-11337
-11615
-12475
-12934
-12430
-11600
-11111
-11239
-11421
-10605
-9089
-7516
-6679
-6619
-6235
-4774
-2616
-1308
-1193
-1016
79
1765
2987
3358
3712
4561
5589
6323
6558
6881
7419
7929
8203
8139
7997
7957
7895
7954
7949
7592
7091
6806
6854
6783
6451
5800
5336
5152
5027
4637
4126
3721
3437
3065
2902
2898
2709
2351
1683
1767
2026
1948
1448
901
1164
1367
1233
1005
910
1276
1310
1064
978
1196
1540
1562
1465
1575
1786
1955
2135
2276
2615
2549
2452
2560
2826
2989
2699
2368
2260
2316
2018
1441
903
527
22
-564
-1337
-1995
-2656
-3368
-4005
-4729
-5313
-6086
-6882
-7601
-8203
-8782
-9619
-10237
-10797
-11283
-11805
-12381
-12599
-12721
-12528
-12318
-12004
-11731
-11276
-10404
-9135
-7735
-7118
-6699
-5963
-4293
-2673
-1969
-1440
-763
439
1613
2603
3425
4034
4828
5511
6059
6716
7263
7624
7925
8202
8354
8329
8168
8279
8442
8400
8012
7524
7531
7534
7528
7024
6421
6074
5776
5447
4959
4410
4036
3630
3242
3198
2716
2346
1742
1641
1791
1393
1140
396
264
555
498
488
11
2
293
360
575
451
507
915
1134
1396
1421
1449
1978
2155
2478
2585
2510
2883
2990
3258
3291
3046
3071
2847
2597
2245
1805
1584
1044
335
-349
-997
-1447
-2145
-3005
-3727
-4255
-4942
-5804
-6612
-7180
-7760
-8692
-9479
-10409
-10999
-11513
-12126
-12427
-12899
-13361
-13667
-13540
-13033
-12715
-12480
-12054
-11257
-9938
-8511
-7602
-7083
-6283
-4799
-3291
-2387
-1926
-1328
-18
1297
2270
2910
3581
4439
5228
5962
6575
7121
7386
7645
8083
8452
8513
8282
8234
8392
8499
8296
8003
7855
7768
7609
7308
6895
6477
5989
5521
5164
4720
4260
3532
3067
2698
2550
2305
1754
1304
911
1106
1115
870
379
-93
-1
92
48
-63
-182
-65
100
292
526
687
879
1213
1438
1790
1978
2115
2584
2943
3353
3348
3343
3644
3883
3946
3798
3534
3238
2861
2458
2172
1829
1403
677
-176
-747
-1411
-1949
-2713
-3545
-4399
-5316
-5827
-6508
-7210
-8081
-8906
-9594
-10258
-11028
-11667
-12272
-12481
-12617
-12965
-13200
-13387
-12921
-12319
-11911
-11579
-11135
-10054
-8608
-7370
-6519
-5999
-4955
-3588
-2404
-1431
-761
115
1236
2137
3233
4048
4719
5363
5910
6777
7351
7707
7925
8182
8628
8880
8781
8749
8759
8796
8855
8689
8638
8260
7945
7811
7504
7231
6549
6022
5627
5265
4814
4195
3637
3231
2694
2232
1558
1490
1533
1171
1049
611
877
561
429
427
118
478
193
287
587
585
991
1053
1259
1716
1683
1961
2352
2592
3154
3080
3428
3748
3680
4030
3718
3881
3885
3496
3335
2793
2461
2060
1495
1146
527
-314
-1040
-1862
-2302
-2842
-3819
-4536
-5312
-5880
-6569
-7188
-7728
-8369
-8973
-9704
-10315
-10938
-11437
-11797
-12005
-12260
-12629
-12868
-12750
-12243
-11689
-11287
-10723
-10080
-9018
-7826
-6757
-5894
-5082
-4069
-3013
-1933
-1065
-270
607
1674
2593
3487
4263
4956
5727
6406
6992
7492
7766
8121
8400
8657
8803
8696
8696
8654
8696
8676
8508
8328
8012
7692
7416
7037
6700
6146
5543
5069
4696
4199
3788
3426
3026
2624
2086
1824
1480
1131
870
720
624
330
38
30
132
135
119
17
172
387
487
747
1024
1232
1405
1572
1838
2064
2222
2494
2755
2978
3078
3109
3275
3279
3164
3020
2810
2622
2137
1595
1159
663
252
-374
-983
-1594
-2336
-2957
-3690
-4147
-4707
-5450
-6065
-6805
-7443
-8031
-8655
-9203
-9870
-10562
-11042
-11488
-11583
-11804
-12132
-12299
-12529
-12356
-12179
-11720
-11123
-10598
-9807
-8902
-7735
-6736
-5878
-5054
-3996
-3081
-2257
-1297
-392
739
1506
2462
3300
4034
4861
5445
6271
6842
7266
7647
8015
8337
8521
8557
8594
8644
8552
8520
8436
8335
8138
7795
7512
7142
6725
6237
5741
5383
4919
4430
3953
3471
2966
2549
1988
1684
1068
934
1114
976
1177
552
582
391
174
445
67
425
295
229
613
656
1252
1411
1465
1646
1572
1719
2199
2462
2965
3233
3158
3486
3239
3531
3491
3323
3460
2901
2623
2324
1884
1621
1091
536
134
-641
-1190
-1786
-2400
-2845
-3624
-4267
-4994
-5721
-6279
-6918
-7558
-8142
-8823
-9374
-9857
-10460
-10912
-11563
-11882
-12107
-12356
-12296
-12327
-12057
-11688
-11190
-10475
-9880
-9215
-8253
-7244
-6250
-5231
-4389
-3401
-2481
-1613
-610
366
1351
2015
2784
3701
4635
5582
6243
6710
7122
7489
7886
8328
8548
8642
8676
8746
8847
8777
8676
8494
8305
8159
7840
7509
7030
6675
6226
5824
5403
4887
4348
3755
3493
3055
2778
2243
1832
1551
1173
1083
811
689
447
206
131
48
81
23
-38
5
133
252
480
776
990
1269
1424
1689
1884
2073
2347
2565
2931
3058
3171
3268
3300
3266
3098
3009
2743
2427
2049
1686
1328
900
430
-222
-828
-1505
-2044
-2651
-3213
-3747
-4489
-5078
-5761
-6267
-6900
-7594
-8178
-8951
-9648
-10335
-10877
-11272
-11617
-11821
-12102
-12385
-12493
-12398
-12067
-11602
-11120
-10572
-9893
-9143
-8126
-7147
-6172
-5296
-4474
-3550
-2602
-1464
-512
346
1194
2107
3037
3988
4760
5459
6099
6561
7297
7824
8222
8462
8416
8600
8707
8785
8732
8567
8431
8233
8020
7728
7377
6961
6545
6047
5683
5201
4662
4226
3676
3350
2879
2333
2007
1649
1432
1232
766
531
256
24
158
-28
18
-232
-550
-491
-448
1
159
242
277
265
587
979
1363
1626
1763
1895
2277
2509
2778
3019
3148
3411
3342
3352
3224
3008
2857
2512
2286
1957
1573
1174
664
143
-436
-1070
-1652
-2190
-2827
-3372
-4172
-4907
-5601
-6313
-6758
-7497
-8104
-8882
-9683
-10137
-10637
-10990
-11390
-11755
-12077
-12326
-12367
-12270
-12029
-11699
-11094
-10318
-9299
-8346
-7640
-6921
-6044
-5132
-4260
-3273
-2304
-1241
-437
370
1294
2244
3334
4166
4921
5496
5981
6544
7083
7679
8125
8311
8391
8505
8593
8670
8622
8518
8489
8328
8195
7970
7599
7174
6615
6203
5865
5473
4986
4499
3978
3490
2947
2469
2184
1834
1684
1293
927
695
220
122
-7
22
40
-294
-369
-496
-247
1
158
405
539
632
842
1149
1365
1695
1866
2268
2582
2787
3020
3109
3366
3509
3587
3610
3511
3412
3133
2844
2536
2216
1809
1456
1116
630
17
-812
-1458
-2052
-2446
-2938
-3551
-4247
-5158
-5868
-6431
-6846
-7330
-8057
-8736
-9364
-9930
-10340
-10742
-11090
-11320
-11688
-11880
-11747
-11524
-11181
-10933
-10409
-9649
-8751
-7714
-6854
-6096
-5399
-4754
-3809
-2743
-1578
-571
123
882
1679
2646
3619
4514
5232
5806
6356
6952
7486
7899
8074
8138
8308
8491
8559
8489
8311
8177
8002
7909
7872
7652
7319
6771
6316
5861
5429
4973
4495
4164
3688
3238
2727
2210
1705
1267
947
645
664
464
489
281
-62
-175
-578
-345
-243
-32
121
-205
-162
-126
310
871
1158
1429
1360
1477
1853
2251
2672
2903
3014
3352
3652
3764
3931
3586
3405
3276
3248
3355
2978
2523
1836
1254
799
401
-23
-551
-1051
-1617
-2244
-2892
-3530
-4070
-4581
-5086
-5660
-6260
-7014
-7778
-8400
-8973
-9511
-10140
-10518
-10874
-11114
-11342
-11681
-11896
-11852
-11474
-10875
-10269
-9812
-9344
-8753
-7845
-6892
-6016
-5240
-4536
-3600
-2567
-1474
-581
120
848
1626
2637
3673
4545
5158
5574
6070
6683
7283
7762
8001
8136
8186
8214
8251
8140
8022
7889
7767
7726
7533
7213
6729
6161
5765
5420
5082
4626
4178
3796
3234
2788
2364
1926
1740
1414
1187
864
405
135
-134
-87
-178
-322
-413
-621
-507
-454
-356
-223
-149
7
213
571
810
988
1085
1327
1707
2098
2407
2587
2795
2935
3218
3432
3498
3430
3220
3073
2994
2878
2538
2150
1709
1248
889
612
194
-395
-937
-1593
-2098
-2568
-3149
-3739
-4314
-4886
-5518
-6012
-6512
-7085
-7584
-8099
-8656
-9128
-9588
-10097
-10438
-10696
-10824
-10857
-10852
-10769
-10595
-10179
-9694
-8990
-8226
-7416
-6713
-6026
-5276
-4606
-3808
-2907
-1769
-850
-61
655
1316
2218
3077
3973
4637
5171
5670
6195
6893
7442
7650
7680
7783
7959
8195
8247
8113
7859
7593
7378
7297
7227
6978
6583
6045
5601
5213
4807
4428
3979
3606
3121
2793
2485
2119
1765
1370
1177
872
701
417
233
92
-103
-184
-284
-210
-225
-121
-1
73
240
354
568
763
1010
1227
1474
1788
2044
2325
2462
2702
2882
3021
3173
3361
3469
3393
3215
3020
2955
2757
2538
2203
1874
1524
1063
617
149
-277
-793
-1410
-2026
-2602
-3080
-3531
-4098
-4748
-5413
-6057
-6635
-7033
-7513
-8078
-8689
-9308
-9694
-9949
-10153
-10519
-10787
-10965
-11011
-10759
-10425
-10079
-9823
-9351
-8647
-7717
-6795
-6042
-5339
-4799
-4053
-3176
-2078
-1075
-355
228
857
1810
2686
3583
4279
4853
5315
5828
6475
6963
7307
7358
7468
7665
7860
7910
7834
7674
7342
7143
6992
6855
6673
6277
5801
5380
4990
4515
4076
3704
3324
2921
2416
1897
1454
978
555
227
-136
-512
-855
-1293
-1463
-1477
-1452
-1274
-1029
-851
-850
-733
-847
-673
-301
-42
398
596
760
858
1099
1576
1893
2265
2454
2680
2981
3201
3420
3470
3456
3343
3404
3436
3478
3270
2894
2402
1949
1710
1458
1155
640
77
-575
-1082
-1688
-2223
-2835
-3412
-3883
-4354
-4849
-5525
-6178
-6852
-7374
-7811
-8329
-8890
-9391
-9983
-10338
-10610
-10971
-11171
-11381
-11387
-11148
-10772
-10433
-10100
-9606
-9039
-8174
-7304
-6503
-5813
-5274
-4574
-3648
-2491
-1479
-625
68
755
1652
2616
3474
4108
4679
5145
5740
6457
7029
7405
7463
7536
7759
7981
8104
8017
7846
7539
7290
7188
7032
6814
6328
5899
5491
5142
4770
4210
3787
3265
2854
2476
2096
1742
1318
917
565
379
115
-200
-375
-618
-773
-887
-983
-1029
-1119
-1075
-1036
-833
-729
-601
-445
-285
-22
158
381
636
955
1271
1602
1869
2123
2282
2550
2833
3071
3285
3343
3301
3180
3127
3092
2968
2760
2495
2145
1839
1529
1224
664
53
-404
-903
-1291
-1758
-2345
-2955
-3545
-4078
-4597
-5098
-5565
-6084
-6504
-6891
-7322
-7740
-8288
-8746
-9059
-9219
-9356
-9513
-9615
-9730
-9565
-9273
-8911
-8510
-8103
-7553
-6919
-6054
-5315
-4661
-4189
-3707
-2905
-1955
-858
-38
662
1189
1769
2568
3430
4308
4867
5345
5797
6317
6852
7222
7434
7482
7582
7688
7922
8086
7926
7624
7232
6988
6793
6703
6481
6064
5689
5259
4916
4514
4153
3717
3228
2803
2445
2070
1619
1103
677
416
179
41
-169
-262
-527
-705
-790
-892
-821
-863
-817
-776
-643
-498
-364
-205
-44
158
311
600
852
1112
1371
1589
1921
2183
2447
2632
2852
3066
3120
3162
3167
3118
2944
2836
2740
2471
2139
1751
1387
1009
650
261
-174
-658
-1193
-1655
-2202
-2744
-3188
-3611
-4097
-4606
-5096
-5486
-5845
-6348
-6799
-7291
-7641
-7840
-8036
-8231
-8578
-8727
-8829
-8866
-8704
-8471
-8169
-7883
-7618
-7175
-6489
-5671
-5004
-4404
-3791
-3205
-2460
-1765
-901
-111
457
1114
1819
2513
3211
3885
4425
4937
5378
5797
6297
6611
6866
6938
6949
7046
7193
7344
7201
6995
6735
6448
6165
5956
5693
5315
4879
4477
4125
3774
3415
2952
2521
2156
1765
1407
1100
721
292
-84
-447
-633
-735
-897
-936
-937
-913
-1134
-1228
-1313
-1355
-1143
-967
-621
-517
-503
-484
-345
-49
223
549
815
1096
1297
1579
1774
1925
2062
2197
2515
2773
2997
3055
2927
2804
2669
2553
2552
2478
2313
2019
1660
1293
965
497
-89
-476
-761
-1103
-1524
-1924
-2457
-3038
-3571
-4013
-4349
-4735
-5194
-5648
-6111
-6547
-6955
-7427
-7760
-7933
-7976
-7936
-7969
-8142
-8231
-8049
-7847
-7526
-7133
-6708
-6204
-5500
-4722
-4195
-3648
-3136
-2592
-1919
-1018
-2
631
1238
1755
2312
2982
3599
4275
4742
5236
5685
6077
6475
6747
6830
6855
6978
7177
7295
7252
7111
6866
6531
6239
6035
5774
5463
5143
4781
4414
4067
3640
3113
2674
2315
1943
1570
1195
861
361
-50
-463
-770
-952
-1097
-1101
-1207
-1285
-1418
-1605
-1662
-1620
-1441
-1210
-1035
-899
-849
-680
-469
-168
121
400
669
960
1277
1544
1778
1854
1979
2139
2403
2667
2890
3027
3015
3032
2988
2901
2772
2705
2794
2716
2442
2166
1932
1592
1237
973
733
443
90
-290
-817
-1376
-1858
-2258
-2693
-3171
-3597
-3984
-4458
-4819
-5182
-5658
-6128
-6503
-6767
-7050
-7189
-7337
-7647
-7821
-7675
-7514
-7435
-7220
-6864
-6541
-6063
-5388
-4655
-4124
-3698
-3043
-2539
-1990
-1299
-467
240
771
1425
1982
2610
3181
3730
4199
4659
5110
5480
5890
6120
6311
6428
6478
6614
6683
6712
6661
6555
6314
6019
5773
5488
5212
4870
4571
4172
3830
3454
3016
2599
2164
1784
1392
1047
689
277
-79
-447
-835
-1155
-1448
-1702
-1946
-2139
-2284
-2234
-2158
-2005
-2028
-2097
-2020
-2086
-1856
-1589
-1173
-836
-729
-550
-363
9
282
604
860
1109
1407
1666
1959
2053
2090
2055
2107
2356
2554
2634
2694
2598
2416
2246
2086
2051
1995
1816
1589
1347
1019
733
476
80
-154
-509
-967
-1318
-1535
-1863
-2421
-2712
-3147
-3676
-4078
-4367
-4638
-4847
-5194
-5617
-5886
-6299
-6472
-6583
-6728
-6893
-7066
-7064
-7027
-6771
-6489
-6318
-6074
-5573
-4910
-4328
-3805
-3313
-2845
-2484
-1979
-1220
-463
139
623
1165
1731
2246
2828
3374
3845
4208
4554
4960
5266
5514
5681
5728
5842
5975
6026
6071
5952
5830
5624
5364
5198
4864
4573
4252
3929
3645
3240
2928
2538
2159
1788
1411
1051
702
354
-37
-391
-698
-903
-1199
-1452
-1711
-1746
-1724
-1738
-1746
-1897
-1964
-2118
-2061
-1894
-1683
-1444
-1342
-1179
-1072
-838
-591
-395
-172
21
274
475
720
861
965
1052
1080
1179
1340
1501
1624
1718
1758
1668
1603
1647
1602
1637
1694
1613
1548
1421
1143
883
650
384
104
-117
-374
-598
-935
-1207
-1398
-1710
-2055
-2359
-2592
-2841
-3092
-3445
-3685
-4032
-4336
-4394
-4632
-4809
-4856
-4972
-5021
-5092
-5115
-5199
-5180
-5003
-4778
-4419
-3955
-3467
-3071
-2621
-2327
-2000
-1490
-979
-488
-39
539
1068
1355
1704
2120
2546
2937
3379
3853
4166
4394
4651
4840
4853
4836
4845
4949
5006
5007
4987
4892
4744
4475
4216
3956
3705
3434
3101
2833
2541
2226
1869
1487
1212
899
613
411
148
-87
-320
-645
-834
-927
-1085
-1193
-1262
-1307
-1352
-1349
-1180
-1050
-913
-952
-994
-866
-828
-624
-440
-262
-119
-72
-22
72
230
244
295
448
551
684
836
957
924
881
850
958
1212
1338
1328
1237
1053
984
1001
826
855
568
338
99
-280
-193
-426
-789
-1138
-1394
-1514
-1738
-2071
-2387
-2510
-3048
-3405
-3510
-3863
-3931
-4327
-4647
-4423
-4723
-5199
-5066
-5032
-5275
-5275
-4940
-4728
-4712
-4482
-4065
-3581
-3069
-2579
-2134
-1697
-1256
-792
-360
114
630
1140
1571
1983
2430
2787
3057
3335
3624
3930
4181
4406
4593
4628
4587
4553
4549
4498
4413
4298
4228
4005
3704
3498
3189
2915
2606
2312
2026
1683
1467
1111
816
555
219
46
-167
-402
-619
-851
-1059
-1231
-1425
-1576
-1626
-1711
-1717
-1760
-1842
-1865
-1856
-1653
-1445
-1321
-1293
-1315
-1217
-1109
-942
-757
-504
-250
-169
-64
121
374
510
628
816
1032
1184
1330
1508
1524
1594
1591
1629
1700
1675
1711
1689
1691
1572
1379
1292
1177
1117
838
665
596
309
403
218
-218
-480
-707
-633
-858
-969
-1137
-1529
-1500
-1779
-1984
-2091
-2364
-2385
-2679
-2789
-2585
-2916
-2865
-2795
-3149
-3034
-3054
-3344
-3319
-3037
-3056
-3301
-3231
-3125
-3194
-3097
-2992
-2676
-2202
-1923
-1485
-1158
-1083
-756
-408
-77
406
819
1192
1565
1876
2126
2355
2599
2904
3182
3405
3661
3891
4033
4015
3914
3907
3862
3844
3848
3789
3654
3408
3169
2920
2735
2442
2077
1837
1534
1296
1090
841
647
357
68
-178
-331
-406
-514
-564
-574
-608
-651
-713
-776
-721
-641
-467
-278
-15
-21
-129
35
55
59
176
471
628
690
865
866
798
852
817
751
765
938
1060
1096
1144
989
874
781
757
900
1013
897
742
809
841
527
347
264
-170
-133
-43
-332
-492
-690
-801
-1025
-1437
-1530
-1468
-1384
-1474
-1833
-1891
-2014
-2350
-2321
-2349
-2581
-2720
-2783
-2908
-2980
-2981
-3305
-3455
-3470
-3566
-3462
-3200
-3153
-3100
-2883
-2665
-2182
-1890
-1497
-980
-753
-334
118
433
768
1048
1448
1825
2130
2518
2802
3062
3353
3409
3540
3656
3756
3905
3963
4006
3889
3772
3596
3490
3361
3186
3008
2787
2551
2247
1950
1645
1351
1072
801
551
318
155
12
-157
-284
-395
-507
-600
-684
-749
-763
-815
-848
-853
-830
-811
-794
-824
-783
-758
-674
-544
-460
-193
-29
228
313
298
431
461
652
757
911
1123
1148
1232
1310
1318
1262
1089
1181
1342
1280
1330
1373
1240
974
901
856
772
718
529
397
336
233
-15
-300
-524
-641
-769
-982
-1104
-1204
-1343
-1584
-1996
-2128
-1930
-1947
-2197
-2339
-2270
-2272
-2540
-2625
-2736
-2983
-2787
-2738
-3009
-3035
-2902
-2873
-2985
-3149
-3191
-3356
-3465
-3269
-3184
-3312
-3367
-3348
-3447
-3337
-3117
-2745
-2040
-1366
-1088
-829
-578
-388
-95
186
767
1320
1751
2210
2608
2921
3036
3102
3233
3401
3691
3981
4162
4221
4071
3823
3643
3490
3337
3196
3100
3040
2938
2700
2316
1924
1449
1038
682
396
283
118
-84
-257
-448
-756
-980
-1120
-1183
-1091
-1066
-947
-845
-868
-832
-724
-615
-472
-293
-6
297
534
774
1059
1352
1555
1665
1756
2009
2144
2321
2422
2394
2302
2066
1889
1755
1613
1356
1167
995
840
585
256
-60
-340
-507
-665
-891
-1145
-1410
-1798
-2092
-2260
-2400
-2736
-2985
-3037
-3221
-3270
-3661
-4153
-4274
-4335
-4379
-4348
-4288
-4566
-4677
-4950
-5135
-4943
-5104
-5299
-5212
-5043
-4870
-4517
-4268
-3875
-3427
-3061
-2438
-1534
-647
119
718
1272
1796
2113
2566
3249
3882
4361
4707
5079
5417
5533
5519
5422
5384
5313
5263
5209
5087
4773
4286
3837
3440
2996
2553
2206
1916
1705
1358
922
628
278
-73
-319
-515
-585
-677
-784
-713
-562
-571
-588
-595
-534
-417
-296
-210
-69
62
91
108
149
219
195
172
168
284
377
679
1043
1297
1377
1341
1359
1359
1378
1411
1681
1920
2024
2028
2050
1972
1902
1867
1864
1987
1997
1996
1957
1765
1575
1294
1012
873
694
494
321
125
-166
-450
-784
-1097
-1397
-1684
-2000
-2241
-2539
-2750
-2957
-3181
-3404
-3805
-4054
-4261
-4387
-4444
-4576
-4731
-4922
-5190
-5475
-5838
-6047
-6224
-6316
-6470
-6614
-6730
-6865
-6998
-7075
-6844
-6370
-5644
-4963
-4031
-2802
-1464
-513
23
691
1414
2156
2960
3931
4921
5573
5942
6207
6520
6613
6394
6292
6379
6547
6418
6092
5726
5116
4376
3630
3141
2706
2160
1669
1339
1087
622
0
-546
-897
-1144
-1360
-1366
-1226
-1120
-1093
-1035
-814
-643
-564
-462
-154
280
591
865
1101
1242
1297
1312
1435
1613
1643
1669
1888
2031
2102
2224
2406
2447
2107
1864
1705
1700
1688
1540
1616
1653
1543
1399
1286
1108
813
667
753
1030
1184
1038
788
565
408
234
96
-5
-150
-319
-442
-532
-825
-1435
-2128
-2624
-2913
-3182
-3370
-3687
-4112
-4698
-5298
-5843
-6344
-6636
-6931
-7069
-7136
-7308
-7625
-8156
-8716
-9217
-9591
-9628
-9415
-8790
-7997
-7242
-6424
-5591
-4792
-3525
-1736
95
1504
2623
3803
4739
5547
6198
6901
7556
8074
8447
8902
9116
8815
8230
7606
7113
6574
6036
5328
4625
3876
3010
2187
1447
606
-167
-719
-927
-1046
-1246
-1453
-1631
-1550
-1442
-1284
-963
-536
-74
506
1174
1854
2295
2607
2972
3292
3716
4040
4234
4341
4271
4124
3954
3769
3388
2903
2475
2080
1769
1306
832
439
118
381
855
962
695
475
645
830
1174
1517
1874
2399
2721
3058
3444
3658
3551
3500
3825
4238
4444
4256
4003
3666
3231
2709
1984
1507
887
367
18
-435
-1235
-2456
-3491
-4195
-4493
-4919
-5453
-6008
-6449
-6884
-7322
-7735
-8130
-8531
-8885
-8762
-8616
-8644
-9027
-9537
-9842
-10023
-10136
-10115
-9670
-8721
-7511
-6355
-5347
-4187
-2570
-512
1118
2218
3281
4276
5161
5782
6515
7116
7441
7410
7310
7386
7249
6704
5864
5265
4814
4242
3515
2823
2055
1198
412
-80
-328
-746
-1176
-1336
-1101
-922
-958
-884
-630
-278
153
652
1275
1894
2301
2721
3214
3773
4021
4071
4164
4308
4380
4241
4026
3667
3237
2604
2147
1697
1290
942
686
845
818
574
-72
-531
-597
-723
-476
-216
149
437
804
1243
1680
2168
2319
2697
3210
3803
4201
4447
4529
4426
4198
4011
3575
3334
3100
2354
1877
1382
683
-342
-1251
-2039
-2805
-3411
-4117
-4629
-4972
-5542
-6009
-6452
-6846
-7086
-7175
-7219
-7043
-6955
-7153
-7379
-7589
-7782
-8280
-8622
-8855
-8922
-8954
-9033
-9054
-8920
-8438
-7795
-6978
-6007
-5164
-4164
-2470
-368
1342
2219
2758
3452
4142
4750
5283
5722
6015
6133
6206
6180
5827
4986
4075
3465
3212
2934
2473
1957
1405
797
247
-124
-472
-810
-1026
-819
-329
62
245
314
428
739
1094
1551
2098
2542
2937
3320
3740
3905
3773
3551
3424
3451
3453
3292
2991
2632
2161
1529
936
476
-164
-312
57
347
278
262
607
444
134
135
538
1069
1637
2093
2717
3456
3608
3663
3845
4236
4445
4618
4931
5126
5180
4651
4004
3428
2762
2024
1509
1261
823
256
-513
-1134
-1896
-2890
-3757
-4194
-4253
-4453
-4821
-5163
-5414
-5896
-6172
-6227
-6196
-6127
-6236
-6352
-6486
-6716
-7247
-7677
-8030
-8386
-8520
-8771
-8899
-9008
-9288
-9203
-8577
-7448
-6463
-5747
-4837
-3767
-2306
-326
1649
2837
3436
4177
4964
5643
6065
6173
6338
6474
6726
6582
6192
5456
4427
3786
3431
3261
2726
2141
1553
1217
925
399
-11
-237
-266
-43
531
1091
1350
1378
1475
1830
2392
2853
3097
3415
3808
4129
4391
4427
4187
3757
3397
3187
3149
2894
2282
1699
1224
699
-14
-670
-1233
-1646
-1743
-1464
-1191
-512
547
1269
1400
1171
1590
2058
2687
3324
4079
5033
5365
5506
5272
5173
4797
4431
4461
4701
5074
4698
4165
3339
2381
1438
568
208
-161
-527
-1050
-1470
-2020
-2933
-3819
-4377
-4434
-4297
-4291
-4405
-4393
-4731
-5228
-5597
-5740
-5836
-5737
-5658
-5666
-5701
-6128
-6848
-7768
-8427
-9031
-9295
-9474
-9671
-9739
-9837
-9950
-9883
-9428
-8790
-7854
-6906
-5697
-4306
-2689
-682
1155
2318
3087
3968
4664
5225
5720
6246
6760
6981
6871
6609
6164
5302
4521
3895
3519
3311
2780
2265
1842
1278
558
163
-108
-274
-92
170
611
1094
1274
1263
1505
1890
2274
2656
3073
3474
3768
3815
3741
3666
3402
3052
2767
2548
2248
1816
1284
733
150
-528
-1139
-1586
-1743
-1743
-1652
-1548
-884
238
834
943
1031
1621
1998
2539
3360
3998
4696
5051
5327
5448
5419
4992
4718
4985
5119
5127
4814
4442
3980
3259
2357
1526
1006
470
-98
-356
-684
-1337
-2088
-3087
-3648
-3931
-4289
-4648
-4849
-4907
-5356
-5649
-6144
-6493
-6573
-6712
-6702
-6719
-6761
-7178
-7604
-8065
-8547
-9142
-9727
-10081
-10237
-10174
-10106
-9797
-9266
-8549
-7881
-7287
-6376
-5167
-3384
-1151
928
2250
2990
3703
4190
4708
5061
5521
6085
6558
6788
6789
6448
5573
4705
4063
3750
3571
3460
3222
3024
2603
2068
1514
1104
934
935
1448
1999
2490
2603
2541
2654
2738
2907
3023
3315
3627
3797
3975
3959
3607
3039
2492
2126
1925
1794
1431
987
513
-127
-649
-1215
-1609
-2033
-2245
-2132
-1347
-349
227
416
774
1661
2141
2643
3164
4136
5044
5695
6390
6667
6751
6175
5940
6130
6185
6098
5710
5604
5228
4517
3629
2823
2150
1408
906
738
652
156
-736
-1494
-2011
-2642
-3134
-3581
-3578
-3607
-3843
-4110
-4633
-5144
-5918
-5978
-5853
-5841
-5978
-6579
-6936
-7610
-8320
-8997
-9562
-9891
-10294
-10396
-10324
-10410
-10601
-10505
-9800
-8840
-7924
-6933
-5896
-4694
-3198
-1191
723
1963
2728
3494
4430
5191
5707
6056
6404
6668
6725
6597
6375
5803
5016
4506
4269
4100
3656
3300
3055
2737
2411
2000
1772
1619
1626
1914
2369
2730
2769
2705
2763
2996
3194
3349
3430
3479
3461
3383
3255
3024
2549
1989
1607
1198
857
290
-213
-753
-1152
-1628
-2058
-2303
-2680
-2787
-2756
-1548
-284
593
875
1086
1792
1970
2673
3211
4150
4953
5405
6297
6455
6481
5888
5591
5767
5802
5930
5787
5771
5389
4691
3861
3034
2260
1582
1202
1283
1052
331
-675
-1644
-2335
-3300
-3928
-4466
-4648
-4782
-4957
-4985
-5461
-6062
-6750
-6901
-6884
-7070
-7229
-7477
-7696
-8169
-8698
-9249
-9813
-10300
-10798
-10986
-10939
-10951
-11024
-10826
-10313
-9637
-8932
-8112
-7203
-6252
-4955
-3033
-926
591
1651
2554
3447
3942
4416
5034
5583
6178
6569
6916
7018
6726
6122
5577
5299
5022
4732
4397
4274
4077
3570
3148
2652
2305
1999
1983
2256
2511
2643
2520
2539
2511
2506
2486
2526
2599
2552
2519
2517
2436
2014
1513
1143
722
302
-114
-464
-731
-1039
-1276
-1552
-1629
-1416
-1171
-674
-345
34
427
832
1483
2035
2876
3575
4356
4943
5125
5322
5356
5596
5965
6263
6562
6699
6609
6302
5801
5199
4529
4059
3597
3104
2590
1911
1180
312
-639
-1482
-2214
-2847
-3426
-3903
-4339
-4789
-5264
-5924
-6339
-6699
-6878
-7065
-7166
-7028
-7145
-7174
-7644
-8009
-8406
-8759
-8798
-8975
-8820
-9038
-9212
-9436
-9849
-10070
-10133
-9512
-8594
-7550
-6543
-5693
-4937
-4330
-3613
-2226
-590
1032
2423
3524
4558
4933
5348
5633
6010
6425
6625
7084
7296
7403
7098
6672
6204
5620
5251
4981
4959
4924
4745
4429
4009
3497
3003
2637
2373
2339
2356
2394
2382
2327
2196
1940
1713
1446
1300
1163
1171
1188
1111
1024
717
369
56
-248
-557
-781
-879
-937
-993
-1066
-1193
-1335
-1448
-1446
-1326
-1063
-700
-262
119
1041
2636
4393
5678
6367
6881
6816
6752
6744
7136
7820
8047
8213
7850
7264
6150
4996
4366
3782
3534
3133
3014
2706
1944
934
-230
-1069
-1901
-2316
-2408
-2497
-2814
-3539
-4302
-5085
-5950
-6586
-7029
-7296
-7508
-7737
-7674
-7787
-8083
-8504
-8729
-8651
-8849
-8867
-8970
-9216
-9604
-10190
-10437
-10658
-10704
-10590
-10186
-9499
-8980
-8418
-7706
-6766
-5995
-5057
-3570
-1855
-205
1013
2147
3098
3666
4127
4785
5563
6214
6679
7094
7482
7453
7254
7025
6787
6438
5979
5853
5794
5661
5289
4782
4461
3881
3372
2966
2826
2729
2549
2511
2432
2396
1952
1581
1325
1150
976
872
972
850
742
466
229
-95
-512
-739
-874
-864
-990
-1140
-1224
-1492
-1611
-1366
-956
-487
-359
63
444
776
1138
1333
2085
2401
2842
3389
3868
4537
4745
5128
5412
5577
5781
5906
6230
6388
6310
6013
5624
5194
4771
4394
4043
3649
3023
2351
1564
860
36
-846
-1535
-2038
-2326
-2789
-3376
-4006
-4699
-5240
-5700
-5956
-6190
-6464
-6705
-7000
-7093
-7259
-7342
-7592
-7822
-8082
-8465
-8519
-8605
-8624
-8799
-9095
-9381
-9689
-9832
-9837
-9532
-9014
-8323
-7618
-7086
-6619
-6231
-5810
-5105
-3816
-2258
-864
175
1127
1900
2443
2960
3674
4366
4861
5452
5895
6397
6572
6561
6385
6121
5949
5680
5750
5823
5836
5554
5102
4715
4207
3772
3379
3181
3021
2783
2661
2475
2253
1925
1567
1285
982
815
652
577
626
427
215
37
-238
-518
-789
-759
-816
-764
-805
-976
-1008
-1182
-1238
-1024
-556
-51
449
831
1316
1418
1711
2040
2529
3212
3421
4082
4389
4759
5150
5274
5635
5669
5838
6040
6146
6388
6307
6222
6026
5683
5393
4932
4504
3993
3500
3073
2483
1868
1170
408
-280
-926
-1500
-2055
-2525
-3055
-3528
-3923
-4442
-4918
-5450
-5815
-6174
-6454
-6497
-6716
-6879
-7196
-7497
-7783
-8197
-8558
-8979
-9094
-9265
-9332
-9437
-9627
-9793
-9824
-9437
-9024
-8434
-8080
-7535
-7069
-6419
-5264
-4133
-2860
-2064
-1213
-474
51
836
1566
2558
3200
3668
4215
4621
5220
5451
5769
5782
5752
5921
6086
6468
6427
6224
5788
5469
5295
5072
4958
4666
4349
4035
3789
3680
3401
3027
2581
2197
1933
1703
1543
1403
1148
866
527
145
-38
-276
-428
-472
-626
-799
-948
-1125
-1259
-1341
-1377
-1580
-1624
-1636
-1544
-1306
-1157
-1027
-657
285
985
1767
2143
2659
2856
2809
3580
4055
4982
5007
5243
5580
5383
5975
5693
5887
5757
5613
5968
5900
6177
5486
4754
4059
3505
3160
2573
2267
1695
1093
474
-20
-636
-1513
-2200
-2775
-3189
-3576
-4160
-4658
-5051
-5431
-5686
-6093
-6555
-6986
-7359
-7449
-7559
-7768
-8154
-8639
-8866
-9140
-9308
-9539
-9923
-10128
-10210
-9913
-9527
-9140
-8826
-8628
-8275
-7796
-7002
-5914
-4848
-3913
-3168
-2470
-2037
-1544
-603
452
1437
2060
2661
3163
3688
4377
4890
5160
5219
5421
5747
6220
6697
6726
6442
6218
6094
6050
5990
5944
5767
5366
5107
4869
4635
4093
3562
3240
2934
2882
2573
2207
1885
1508
1141
867
684
348
-32
-162
-245
-397
-603
-879
-1097
-1296
-1407
-1506
-1607
-1638
-1430
-1037
-519
-208
-147
-260
-295
0
620
1488
2159
2631
2876
3134
3473
3813
4127
4342
4563
4842
5297
5706
5937
5879
5509
5213
5021
4966
4814
4576
4405
4133
3808
3366
2778
2073
1432
908
510
142
-329
-876
-1463
-2088
-2685
-3355
-4035
-4487
-4830
-4999
-5187
-5552
-6031
-6494
-6820
-7021
-7202
-7358
-7566
-7758
-7796
-7849
-8017
-8405
-8739
-8861
-8749
-8476
-8170
-7880
-7629
-7333
-6947
-6519
-6023
-5307
-4528
-3765
-2975
-2212
-1673
-1235
-606
251
1078
1625
2130
2605
3199
3899
4512
4948
5021
5045
5318
5755
6146
6266
6135
5990
5996
6059
6059
5812
5374
4946
4685
4675
4626
4348
3892
3505
3151
2885
2638
2259
1847
1491
1302
1155
1007
712
337
12
-282
-503
-682
-812
-855
-892
-886
-905
-1087
-1333
-1210
-604
69
552
588
599
488
462
983
1704
2266
2332
2490
2805
3178
3531
3625
3573
3504
3720
4220
4821
5156
5029
4657
4315
4228
4020
3775
3566
3321
3223
2987
2753
2149
1357
585
-60
-326
-612
-878
-1286
-1672
-2100
-2695
-3312
-3962
-4541
-4893
-4999
-4935
-5020
-5322
-5757
-6213
-6558
-6972
-7187
-7404
-7493
-7506
-7570
-7671
-7889
-8159
-8523
-8601
-8416
-7998
-7489
-7091
-6834
-6620
-6487
-6255
-5605
-4747
-3987
-3392
-2755
-2076
-1509
-897
-204
420
868
1205
1834
2641
3318
3745
3952
4095
4240
4486
4843
5229
5408
5437
5404
5389
5502
5425
5273
5017
4767
4556
4233
4126
4048
3885
3519
3116
2705
2280
1876
1663
1636
1469
1183
832
585
285
-11
-288
-543
-744
-869
-894
-713
-497
-309
-243
-270
-258
-279
-275
-121
333
829
1142
1264
1436
1564
1750
1983
2354
2704
2948
3283
3677
4100
4268
4237
4083
4036
4069
4122
4186
4144
4043
3823
3554
3335
3000
2546
2117
1788
1537
1200
766
281
-202
-750
-1234
-1740
-2279
-2750
-3169
-3510
-3927
-4373
-4847
-5220
-5436
-5624
-5905
-6186
-6460
-6632
-6703
-6774
-6864
-7129
-7336
-7479
-7471
-7416
-7383
-7414
-7492
-7346
-6983
-6415
-6090
-5966
-5824
-5548
-5116
-4443
-3574
-2844
-2419
-2002
-1394
-935
-371
202
709
1240
1784
2359
2905
3425
3814
4157
4333
4493
4701
4900
5154
5400
5658
5699
5553
5448
5324
5167
5001
4841
4668
4461
4261
4011
3750
3513
3210
2743
2362
2028
1814
1557
1250
1043
825
561
242
28
-251
-449
-601
-578
-517
-366
-6
272
464
337
119
9
-33
302
870
1400
1631
1598
1659
1797
2100
2314
2500
2689
3028
3529
3978
4405
4504
4375
4189
4156
4226
4225
4192
4122
4009
3827
3535
3086
2594
2178
1797
1595
1381
966
476
-124
-651
-1022
-1404
-1785
-2194
-2620
-3015
-3482
-3948
-4319
-4651
-4844
-4992
-5287
-5569
-6008
-6254
-6426
-6545
-6651
-6909
-6980
-6922
-6598
-6395
-6403
-6596
-6884
-6856
-6577
-6155
-5929
-5945
-5933
-5757
-5280
-4800
-4398
-4098
-3842
-3482
-2880
-2039
-1382
-890
-460
-48
494
916
1280
1592
1915
2418
2869
3307
3642
3750
3806
3949
4113
4273
4231
4138
4150
4252
4333
4316
4202
3920
3508
3166
2987
2888
2866
2738
2471
2252
2090
1833
1680
1431
1154
990
886
821
746
664
463
212
-46
-210
-330
-369
-409
-424
-325
-225
-153
4
368
934
1408
1637
1765
1762
1687
1778
2342
3046
3350
3499
3423
3490
3698
3786
3996
3971
4156
4416
4675
4975
4941
4615
3986
3458
3197
3151
3102
2942
2702
2336
1928
1287
604
27
-543
-894
-1130
-1256
-1586
-1982
-2445
-2928
-3438
-3971
-4369
-4809
-4880
-4866
-4746
-4960
-5305
-5662
-6046
-6328
-6402
-6427
-6434
-6559
-6564
-6625
-6838
-5742
-7086
-7699
-5044
-3929
-3542
-3682
-3385
-2645
-3917
-4236
-3554
-4420
-4421
-3909
-3259
-2043
-1174
45
424
11
632
980
944
1351
1423
1711
2224
2538
2903
3122
3342
3354
3258
3227
3392
3525
3563
3662
3485
3318
3126
3003
2873
2807
2794
2542
2607
2531
2329
2273
1995
1891
1563
1307
1189
1032
1096
1115
1077
803
610
567
465
420
304
264
461
925
1413
1707
1625
1232
954
841
1159
1599
2128
2476
2485
2490
2529
2793
2809
2760
2706
2906
3353
3805
4295
4235
3988
3590
3261
3139
3022
2969
2756
2659
2585
2499
2282
1846
1346
761
374
132
-125
-307
-514
-737
-1144
-1676
-2231
-2864
-3335
-3643
-3589
-3598
-3823
-4068
-4395
-4607
-4846
-5161
-5371
-5521
-5574
-5463
-5434
-5292
-5174
-5186
-5122
-5042
-4911
-4798
-4670
-4397
-4123
-3835
-3628
-3576
-3608
-3591
-3334
-3029
-2797
-2634
-2477
-2355
-2017
-1693
-1505
-1342
-1368
-1297
-943
-532
-214
34
141
320
577
973
1267
1237
1177
1176
1237
1419
1720
1884
1803
1647
1614
1733
1878
2037
2050
1941
1974
2025
2090
2076
1980
1818
1698
1739
1845
1918
1858
1807
1727
1669
1614
1576
1554
1555
1547
1534
1591
1603
1648
1661
1584
1502
1603
1718
1696
1780
2200
2847
3232
3358
3268
2908
2571
2419
2597
2884
3146
3218
3142
3227
3363
3458
3242
2898
2471
2311
2517
2705
2731
2474
1939
1373
943
752
868
689
331
56
-274
-565
-783
-1078
-1355
-1579
-1705
-1722
-1878
-2118
-2356
-2708
-3019
-3258
-3517
-3731
-3922
-3989
-4016
-4098
-4164
-4231
-4313
-4356
-4438
-4545
-4534
-4528
-4392
-4151
-4069
-3885
-3794
-3719
-3584
-3517
-3342
-3163
-2966
-2724
-2464
-2292
-2117
-1983
-1994
-2146
-2218
-2095
-2003
-1778
-1509
-1249
-1000
-922
-790
-697
-601
-497
-434
-374
-423
-406
-307
-170
30
322
562
681
696
674
683
695
743
721
726
806
970
1263
1516
1657
1714
1629
1528
1567
1782
2108
2413
2706
2874
3002
3109
3135
3180
3128
3118
3108
3182
3336
3518
3744
3796
3778
3638
3507
3374
3345
3359
3292
3282
3313
3258
3215
3126
2941
2787
2523
2317
2142
2043
1941
1762
1562
1316
1080
889
649
413
198
47
13
-123
-264
-434
-648
-884
-1153
-1292
-1337
-1427
-1500
-1572
-1829
-2002
-2035
-2153
-2362
-2452
-2435
-2514
-2584
-2480
-2319
-2292
-2236
-2175
-2172
-2210
-2148
-2026
-1987
-1951
-1922
-1801
-1616
-1644
-1602
-1359
-1197
-1217
-1233
-1103
-1045
-951
-725
-490
-433
-410
-180
-45
-53
34
54
11
-85
-217
-262
-123
30
-109
-143
-68
-121
-284
-374
-271
-387
-597
-565
-518
-622
-523
-386
-360
-257
-163
-225
-460
-351
-227
-373
-349
-130
-63
-127
66
423
649
729
936
1205
1310
1376
1461
1531
1689
1885
2074
2348
2596
2599
2620
2791
2838
2746
2700
2692
2548
2467
2583
2761
2648
2475
2400
2238
2187
2129
2001
1886
1820
1632
1525
1495
1345
1233
1090
850
537
278
174
27
-251
-409
-482
-574
-717
-819
-878
-879
-1008
-1199
-1307
-1395
-1439
-1519
-1513
-1462
-1595
-1806
-1782
-1618
-1553
-1553
-1574
-1763
-1813
-1665
-1413
-1247
-1253
-1008
-784
-850
-894
-736
-731
-898
-688
-419
-389
-280
130
341
195
136
129
195
173
51
145
312
290
251
328
511
451
409
597
484
162
222
613
504
-4
34
361
53
-324
80
202
-304
-400
-250
-508
-704
-502
-383
-478
-418
-327
-516
-383
-190
-439
-474
-165
-136
-467
-493
-115
-124
-237
-7
158
34
-46
141
94
-96
231
507
280
161
287
485
524
470
462
520
500
533
508
391
257
360
657
743
785
792
650
503
757
893
628
430
493
380
130
294
759
775
488
360
226
170
266
238
-189
-332
-87
9
-170
-13
127
-195
-172
182
120
-634
-748
-370
-467
-678
-430
-218
-723
-914
-233
93
-88
-199
-343
-504
-720
-774
-646
-450
-469
-380
13
321
278
87
79
330
227
-185
110
325
-90
-68
267
157
64
430
852
766
547
571
585
366
267
394
130
-100
163
395
481
530
559
589
368
289
575
419
-53
-39
309
196
91
447
571
270
56
148
65
-57
29
132
123
-92
18
299
-15
-28
492
488
-10
73
362
65
-241
-62
399
476
204
257
576
337
136
344
370
173
-18
109
412
298
109
232
338
453
462
450
43
-246
154
388
157
164
358
279
17
45
413
150
33
330
90
-81
211
319
566
466
-113
-98
78
79
-7
90
203
186
259
436
424
323
84
116
274
60
64
260
163
-103
131
485
148
-48
336
378
392
479
487
325
69
83
349
135
34
106
212
288
133
117
-25
390
439
94
-135
-17
237
372
392
150
-72
-163
-125
-222
246
550
237
80
41
-159
-237
-161
-276
-377
-422
-245
-66
4
64
238
126
-107
-28
-103
-361
-444
-116
-87
-62
61
3
-206
-284
190
270
36
72
12
-254
-184
33
-75
-253
-490
-360
-80
-96
123
133
-144
113
246
153
-21
8
-110
-132
-63
-210
-19
-283
-316
-200
-108
-189
-2
152
-148
-439
-306
56
-197
-217
-451
-522
-289
-309
-88
-339
-550
-200
-345
-629
-509
-553
-410
-314
-569
-330
-206
-125
-9
86
-6
-237
-684
-937
-759
-464
-202
-411
-241
-38
-408
-281
94
-200
-293
-68
-215
-328
-280
-369
46
-83
-331
-145
-15
-37
-272
-4
23
-64
94
-198
-71
289
102
-123
-118
-297
-379
111
93
26
69
-190
-97
47
-291
-178
203
40
-414
227
150
-454
332
151
-205
-59
-247
-271
-11
131
82
86
-143
-383
-128
-169
-485
-410
207
-1
-283
188
-109
-401
-184
-208
-208
-32
-231
-224
-82
-89
-57
184
321
-75
58
-24
-465
81
23
-299
228
281
-52
142
365
206
411
324
-58
393
519
-49
-186
-249
-109
-155
-410
362
671
236
328
314
-9
69
332
141
-259
292
596
-63
94
-159
-449
278
42
-102
306
182
-63
124
276
311
121
283
456
-184
-201
-251
-95
-100
-121
22
299
262
-95
156
372
322
413
-31
-338
-116
-657
136
367
-351
332
358
84
414
445
673
362
105
14
-93
309
86
-47
430
388
-8
192
298
156
558
703
144
162
78
67
153
-421
-519
171
690
197
-75
211
-68
-103
313
388
150
-11
122
-546
-492
309
-70
-221
327
412
-171
-322
283
-35
-465
326
351
-239
-117
376
-29
358
560
-463
-73
752
233
-275
-197
-330
-444
-355
296
285
-149
166
545
236
581
155
-881
158
563
-52
-122
-459
-176
-107
-201
486
514
-456
-288
367
149
81
50
580
-248
-40
557
-265
-438
-123
429
-339
-720
44
586
-187
16
847
56
470
457
-232
107
-62
-452
-216
-400
-435
-113
105
468
-11
-454
-519
292
96
-760
166
-176
-1138
-373
-390
-275
773
252
-548
-248
308
87
-92
162
-371
-35
604
-186
-533
-419
-8
359
-159
-1004
-358
-139
-430
-72
-531
-26
749
18
-1702
-556
343
-1062
-779
38
-289
-621
48
-355
-369
453
-40
-946
-438
-246
-597
-502
251
435
-936
-696
336
91
-201
-259
-327
-336
-422
-307
-167
-34
-98
347
464
-175
-12
-83
-980
-403
-130
-107
605
510
356
667
431
-315
-320
-44
631
148
-251
22
-87
-120
-233
108
378
-109
130
-76
-336
65
-237
-402
-266
634
659
162
294
80
-72
-3
-440
296
845
-384
-642
216
429
218
75
-547
-554
-251
393
372
647
1247
499
232
1172
977
410
260
-513
513
190
188
648
-12
-5
750
627
159
481
125
119
-110
616
864
-98
-448
803
431
-261
797
412
-321
189
288
113
606
304
-168
163
511
-81
364
633
-299
-211
307
-33
588
1206
-133
-801
134
390
-117
-247
-426
-90
555
245
653
462
-601
-35
690
592
-199
-205
647
615
-561
-538
-398
-289
284
387
182
-14
166
62
-66
-25
165
-175
-300
-169
-696
-685
434
422
-296
-144
93
65
-47
215
268
-196
11
130
454
227
-158
431
314
291
380
-43
-398
743
1272
-24
-401
128
100
49
547
-12
-295
246
315
369
-68
-123
-177
50
732
799
95
-114
246
-39
263
238
-401
108
650
-318
138
606
-556
-336
427
162
-125
-156
-697
-259
319
-698
-379
142
-739
-535
-39
-423
-483
-83
-2
-442
-180
86
-480
42
-263
-689
-390
-446
-487
-632
-520
-403
-203
-173
-292
125
268
-108
-210
184
546
13
-266
42
-123
-305
-149
-546
-354
60
-172
-126
-32
-458
-758
-580
-377
120
-144
-574
-32
-556
-808
513
378
-417
-113
97
-684
-556
33
-378
-541
-192
140
-111
-585
-154
393
-366
-472
141
93
-143
143
694
488
206
-277
-793
-414
-28
-223
-460
-583
-858
-380
-272
-628
9
-128
-472
-300
-483
-336
-192
-183
113
483
211
-48
287
13
-320
-331
153
962
467
380
848
177
-183
-513
-371
65
121
-124
-504
-683
-717
-296
-89
-288
-262
-80
-18
-86
-412
-151
-297
-406
-248
-207
-82
-418
-318
-198
-136
-22
-78
-166
0
406
334
74
32
303
192
-79
101
308
148
-187
17
132
302
633
668
536
238
-17
-109
-73
-58
-66
-5
287
294
184
437
92
-198
71
197
10
138
393
100
22
320
463
362
1
-66
78
-68
-97
-120
-36
-3
201
464
296
182
274
259
445
601
305
-3
-105
17
35
103
321
152
-32
138
210
165
200
412
396
250
221
382
429
357
388
535
812
440
402
667
526
452
624
657
567
607
329
340
663
562
512
888
743
458
679
818
603
576
579
472
264
144
145
132
164
205
429
430
456
368
301
286
229
261
235
367
320
207
354
204
116
240
299
273
317
219
156
325
129
59
12
28
128
16
76
289
315
371
165
91
198
7
-202
-237
-156
-334
-126
130
-92
-131
106
262
219
114
25
16
16
-84
-1
-161
-375
-451
-259
-28
-29
241
455
220
648
2174
2490
1611
1000
361
-479
-1035
-1288
-1345
-1368
-1291
-1100
-924
-705
-474
-420
-466
-331
-177
-18
17
-87
-108
-157
-175
-34
58
107
206
468
591
544
610
672
741
877
816
563
578
758
510
46
-74
156
341
468
680
754
897
683
197
-2
-224
-256
-97
43
188
80
1
153
168
-19
-3
144
-45
-244
-210
-71
116
130
73
50
-114
-167
-80
-190
-332
-323
-330
-194
-57
-94
-6
20
-81
-48
-33
-105
-83
-24
-11
-66
-137
-149
-39
84
50
-31
-79
-118
-75
-103
-140
-27
-61
-201
-286
-378
-391
-321
-177
-5
118
108
64
16
-88
-62
105
148
112
130
-19
-146
-193
-165
-94
-116
-121
-99
-50
-37
-38
-16
-76
-88
-75
-78
-162
-184
-202
-282
-230
-272
-244
-212
-218
-225
-183
-50
64
125
183
244
291
292
172
210
197
114
101
79
168
223
159
183
132
120
179
227
254
189
234
188
202
280
298
339
368
392
429
492
534
588
670
753
840
867
856
911
900
864
844
850
844
867
872
850
862
852
866
837
825
804
757
696
526
386
247
161
130
107
51
-42
-50
-168
-220
-295
-425
-553
-740
-893
-987
-1126
-1346
-1551
-1682
-1778
-2008
-2216
-2461
-2643
-2768
-2885
-2967
-3062
-3023
-2908
-2820
-2666
-2441
-2250
-1984
-1683
-1316
-953
-640
-336
-27
271
552
875
1091
1338
1546
1703
1936
2060
2146
2230
2305
2422
2516
2534
2542
2566
2527
2535
2505
2433
2317
2117
1988
1939
1893
1875
1888
1901
1901
1972
2123
2217
2292
2341
2340
2346
2346
2310
2252
2159
2107
2048
1974
1871
1829
1764
1637
1512
1302
1049
770
427
29
-400
-941
-1486
-2006
-2504
-2982
-3372
-3703
-3918
-4087
-4153
-4090
-4037
-3972
-3878
-3711
-3529
-3321
-3166
-2967
-2779
-2568
-2354
-2209
-2081
-2045
-1906
-1792
-1808
-1802
-1821
-1885
-1996
-2156
-2274
-2268
-2061
-1506
-653
164
804
1570
2630
3760
4662
5096
5204
5237
5083
4700
4177
3362
2383
1466
728
102
-454
-804
-1012
-1126
-1139
-956
-711
-502
-429
-480
-558
-726
-928
-1071
-1308
-1637
-1840
-1837
-1558
-1215
-777
-325
188
810
1476
2099
2560
2796
2791
2793
2582
2237
1809
1242
667
80
-451
-807
-1024
-1206
-1260
-1242
-1236
-1092
-899
-755
-729
-868
-920
-963
-1051
-1182
-1342
-1408
-1422
-1255
-985
-598
-167
273
794
1269
1683
1985
2172
2168
2111
1922
1603
1254
815
395
14
-400
-695
-811
-900
-894
-874
-785
-711
-587
-496
-544
-568
-625
-690
-788
-886
-938
-909
-840
-692
-496
-198
174
523
801
1045
1285
1412
1477
1444
1256
963
731
479
174
-151
-454
-642
-729
-757
-640
-494
-417
96
1228
2684
3674
4034
4273
4720
5260
5288
4601
3305
1743
355
-786
-2031
-3546
-5003
-5902
-6375
-6675
-6703
-6491
-6171
-5849
-5550
-5168
-4707
-4289
-4081
-4095
-4228
-4226
-3822
-3244
-2760
-2379
-1807
-949
208
1289
2152
2767
3241
3654
3939
3960
3531
2946
2209
1530
851
306
-82
-437
-733
-937
-937
-772
-556
-470
-559
-829
-1122
-1267
-1301
-1461
-1729
-1983
-1929
-1548
-952
-281
339
1009
1752
2563
3286
3754
3961
3897
3587
3179
2614
2063
1438
715
78
-508
-812
-873
-897
-864
-844
-838
-731
-630
-600
-722
-935
-1177
-1342
-1335
-1314
-1209
-1044
-762
-291
323
952
1553
2089
2481
2703
2792
2796
2534
2183
1638
990
463
-23
-431
-675
-872
-1051
-1078
-961
-749
-609
-568
-593
-605
-612
-677
-829
-963
-1098
-1075
-963
-714
-337
59
484
910
1358
1734
2040
2132
2074
1831
1510
1120
678
279
-61
-433
-748
-934
-938
-824
-773
-712
-697
-565
-487
-562
-661
-768
-902
-974
-1020
-974
-871
-768
-444
-164
154
509
809
1053
1137
1115
999
864
622
350
-26
-402
-656
-835
-948
-978
-937
-863
-723
-659
-513
-442
-428
-493
-563
-552
-636
-685
-664
-552
-455
-253
20
287
579
797
949
1026
1061
993
833
581
258
-20
-240
-386
-511
-668
-703
-620
-505
-415
-304
-190
-224
-239
-285
-311
-375
-427
-448
-451
-402
-340
-152
42
291
471
592
725
794
752
719
538
262
23
-150
-225
-353
-443
-514
-501
-433
-272
-222
-145
60
379
606
674
761
849
1000
1013
1017
853
576
386
204
-153
-494
-785
-1091
-1275
-1448
-1500
-1466
-1376
-1274
-1203
-1088
-912
-753
-528
-340
-284
-194
-63
53
275
471
528
586
652
631
554
463
215
-13
-240
-461
-668
-806
-847
-880
-882
-866
-797
-691
-532
-499
-522
-467
-465
-418
-324
-260
-139
98
390
751
1135
1446
1769
2026
2232
2325
2311
2091
1849
1636
1325
1073
852
733
597
529
559
662
744
796
833
812
768
693
644
577
542
556
620
753
936
1086
1206
1259
1196
1018
730
307
-255
-829
-1426
-1957
-2386
-2689
-2811
-2824
-2657
-2409
-1985
-1435
-880
-391
15
398
707
1030
1273
1414
1472
1528
1592
1658
1637
1495
1274
947
613
230
-333
-920
-1535
-2133
-2588
-2846
-2872
-2580
-1759
-735
137
770
1610
2658
3416
3669
3407
3083
2690
2386
2191
1945
1733
1571
1663
1693
1708
1635
1434
1017
220
-540
-1128
-1523
-1737
-1878
-1896
-1561
-908
44
1015
1743
2267
2666
2887
2981
2914
2625
2210
1840
1660
1580
1571
1593
1499
1196
874
365
-236
-947
-1756
-2638
-3388
-3926
-4173
-3984
-3744
-3421
-2928
-2303
-1629
-851
-229
160
417
710
1015
1298
1479
1604
1705
1798
1982
2027
1885
1519
1098
482
-221
-991
-1717
-2444
-3192
-3891
-4439
-4635
-4074
-2561
-748
598
1045
1659
2897
4014
4292
3789
2918
2231
1939
1994
2109
1831
1463
1328
1263
932
450
-136
-978
-2106
-3145
-3639
-3533
-3116
-2497
-1916
-1280
-327
916
2044
2608
2632
2443
2198
2085
2104
2030
1810
1588
1587
1634
1737
1722
1383
635
-317
-1177
-1864
-2399
-2739
-2962
-3068
-2783
-2118
-1211
-418
80
302
333
373
513
633
629
515
417
623
990
1254
1446
2010
3047
3669
3222
1920
481
-841
-2241
-3669
-5267
-6736
-7196
-6771
-5948
-5051
-3975
-2704
-1650
-885
-448
-120
187
584
913
1291
1973
3022
4157
4752
4670
4175
3351
2129
607
-1363
-3489
-5374
-6291
-5804
-4470
-3248
-2699
-2138
-914
256
799
737
366
35
39
737
1801
2791
3676
4409
4653
4262
3584
2742
1436
-319
-2214
-3506
-3972
-3759
-3147
-2651
-2333
-1860
-1196
-652
-416
-457
-591
-555
-187
493
1466
2548
3478
3892
3945
3748
3342
2650
1556
196
-1071
-1875
-2169
-2044
-1956
-1965
-2013
-1952
-1816
-1849
-1948
-2009
-2051
-1842
-1240
-397
587
1429
1987
2205
2132
1835
1458
945
228
-429
-883
-1049
-991
-894
-793
-778
-959
-1210
-1474
-1770
-1958
-1898
-1646
-1248
-779
-121
592
995
1209
1274
1333
1970
3191
3649
2432
810
-154
-762
-1410
-2275
-3576
-4900
-5087
-4235
-3363
-2713
-1849
-987
-547
-137
536
1379
2026
2446
2583
2412
2693
3458
3760
2957
1625
296
-948
-2010
-3010
-3859
-4470
-4277
-3313
-2289
-1632
-1016
-294
43
28
-9
427
1203
2142
2883
3352
3810
4386
4721
4168
2856
1295
22
-1022
-1840
-2418
-2717
-2635
-2196
-1841
-1744
-1638
-1367
-1123
-1122
-998
-406
677
1839
2896
3501
3748
3957
3928
3412
2393
1260
280
-439
-1000
-1395
-1656
-1804
-1936
-2238
-2649
-2999
-3029
-2998
-2937
-2716
-2237
-1227
12
1020
1579
1857
2092
2664
3812
4865
4449
2570
764
-566
-1669
-2480
-3364
-4606
-5611
-5470
-4598
-3745
-2897
-2224
-1842
-1675
-995
204
1405
2357
2975
3208
3217
3579
3916
3466
2202
701
-800
-2115
-2963
-3546
-4189
-4473
-4015
-2987
-2055
-1500
-856
-265
111
398
979
1986
2969
3738
4155
4244
4089
3717
3059
1961
526
-888
-1807
-2268
-2507
-2585
-2598
-2566
-2423
-2313
-2211
-1927
-1405
-791
-74
838
1944
3167
4008
4284
4043
3488
2871
2226
1466
657
-5
-528
-981
-1371
-1767
-2161
-2594
-3023
-3303
-3338
-3018
-2390
-1525
-700
37
689
1251
1635
1636
1492
2196
3904
4899
3995
2007
18
-1770
-3138
-4118
-5276
-6421
-6582
-5755
-4720
-3748
-2725
-2053
-1722
-1277
-639
236
1505
3156
4312
4570
4593
4697
4356
3220
1556
-338
-1904
-2845
-3359
-3849
-4421
-4955
-5444
-5710
-5127
-3318
-1281
-156
330
1197
2760
4545
5664
5865
5375
4592
4080
3883
3640
2715
1271
-184
-1480
-2578
-3405
-3971
-4280
-4436
-4516
-4215
-3174
-1651
-198
798
1373
2083
3082
4139
4889
5182
5044
4620
4016
3309
2494
1600
444
-888
-2069
-2836
-3125
-3145
-3108
-3212
-3167
-2802
-2034
-1064
-171
512
976
1504
2146
2726
3042
3030
3069
3720
4644
4464
2948
883
-1098
-2933
-4223
-4945
-5672
-6024
-5840
-5365
-4862
-4032
-3162
-2625
-2038
-1101
157
1680
3318
4754
5506
5486
5212
4691
3864
2801
1537
-61
-1412
-2192
-2754
-3301
-3760
-4168
-4859
-5684
-6263
-6019
-4628
-2074
1096
3879
5455
6052
6463
6721
6451
5513
4501
3663
3043
2695
2386
1893
661
-1289
-3373
-5015
-5868
-5961
-5329
-4266
-2911
-1433
87
1637
2856
3589
3827
3938
4230
4871
5619
5987
5778
5015
3753
2070
305
-1276
-2521
-3515
-4044
-3990
-3359
-2424
-1594
-1134
-971
-669
-105
728
1714
2681
3388
3827
3887
3491
2675
1596
446
-323
-69
1358
2863
2802
878
-1769
-4039
-5473
-6250
-6707
-6647
-6037
-4772
-3209
-1668
-584
-122
-232
-497
-182
830
2233
3513
4604
5076
4614
3366
1772
198
-1245
-2465
-3390
-3843
-3451
-2702
-2323
-2525
-3061
-3573
-4129
-4480
-4220
-2731
267
4028
6859
7744
7203
6168
4914
3296
1756
873
621
486
320
243
-90
-1155
-2940
-4850
-6040
-6140
-5121
-3344
-1151
935
2392
3219
3637
3815
3670
3314
2956
3028
3485
3982
4065
3452
2202
511
-1418
-3005
-3887
-4036
-3453
-2562
-1500
-417
504
1092
1200
1213
1444
2009
2834
3638
4159
4258
3846
2950
1559
36
-601
-175
304
-34
-669
-1384
-2704
-4090
-4800
-5388
-6057
-6203
-5583
-4792
-3787
-2609
-1929
-1628
-1046
-288
123
714
1642
2429
2684
2699
2414
1632
732
-10
-945
-1817
-2303
-2523
-2714
-2825
-2717
-2871
-3201
-3345
-3090
-2317
-1143
-153
333
613
1175
2295
4146
5974
6215
4580
2734
1964
1699
1028
203
-450
-1132
-1937
-2375
-2249
-2057
-2330
-3163
-3490
-2729
-1222
237
1467
2553
3150
3227
3148
3182
3186
3018
2451
1722
1183
1019
917
364
-549
-1646
-2594
-3097
-2933
-2243
-1336
-463
125
701
1559
2526
3323
3678
3795
3878
4119
4510
4721
4495
3753
2879
2082
1249
147
-952
-1873
-2576
-2898
-2860
-2620
-2354
-2217
-2090
-1702
-1018
-190
484
991
1470
1996
2184
1927
1771
2441
4151
5112
4114
1723
-978
-3978
-7248
-9067
-8636
-7173
-5756
-4537
-3592
-2390
-967
-230
-684
-914
-98
995
2181
3876
5308
5059
3419
1340
-737
-2277
-3039
-3617
-4114
-3956
-3330
-3255
-3597
-3833
-3966
-3751
-2539
-93
2954
5444
6622
6510
6053
5664
4918
3770
2573
1586
616
-267
-901
-1579
-2554
-3759
-4835
-5255
-4747
-3253
-1492
224
1747
2837
3382
3713
4048
4094
4065
3888
3631
3460
3347
2745
1352
-443
-2150
-3426
-4103
-4045
-3478
-2548
-1610
-734
96
830
1577
2217
2815
3472
4395
5202
5636
5587
4951
3823
2508
1349
729
799
925
415
-541
-1269
-1756
-2150
-2301
-2173
-1979
-1145
1001
4147
6961
8335
7968
6082
3016
-484
-3843
-6422
-7588
-7609
-7244
-6962
-6561
-6520
-7041
-7878
-8062
-6894
-4387
-1256
1583
3700
4771
4797
3657
2082
1006
338
-401
-1000
-1369
-1889
-2574
-3459
-4644
-5768
-6349
-6427
-5949
-4712
-2919
-844
1356
4092
6747
7959
7334
5997
4981
4069
3231
2600
2173
1372
-335
-2418
-3775
-4346
-5020
-5909
-5956
-4770
-2841
-950
735
2253
3218
3468
3471
3938
4819
5384
5126
4412
3507
2337
743
-955
-2413
-3682
-4658
-5111
-4996
-4323
-3405
-2591
-1937
-1165
-126
1074
2353
3501
4387
4875
4904
4634
4076
3207
2071
755
-552
-1626
-2265
-2766
-3229
-3589
-3836
-3820
-3309
-2517
-1484
-329
821
1994
2961
3673
4023
4052
3710
3228
2679
2160
1622
919
41
-831
-1620
-2337
-2767
-2855
-2530
-2086
-1403
-529
634
2072
3237
3651
3600
3881
4232
4203
3726
2802
1685
768
7
-866
-1687
-2147
-2613
-3061
-2900
-2036
-1119
-644
-396
-74
436
1146
1496
1180
631
97
-361
-612
-424
-334
-1013
-2090
-2936
-3444
-3771
-3969
-4023
-4161
-4248
-4258
-4076
-3526
-2910
-2620
-2664
-2657
-2440
-2266
-2043
-1492
-800
-164
0
-369
-951
-1267
-1255
-1358
-1573
-1764
-1895
-1811
-1042
407
1794
2449
2173
2255
3110
3608
3058
2064
1570
1290
732
215
145
-2
-753
-1865
-2398
-2143
-1619
-1232
-703
385
1570
2267
2607
2948
3141
3001
2592
2385
2401
2407
2232
1703
1072
267
-661
-1444
-1872
-1837
-1600
-1332
-894
-80
775
1449
1844
2033
2241
2527
2887
3187
3373
3253
2797
2214
1590
914
270
-435
-955
-1150
-1090
-874
-588
-191
186
997
2110
2875
3231
3653
3755
3224
2828
2928
2982
2674
2444
2101
1669
1301
832
235
-184
-238
-324
-509
-285
268
670
1010
1251
788
-180
-1031
-1671
-2168
-2308
-2104
-1955
-1869
-1995
-2457
-3126
-3749
-4547
-5244
-5337
-4905
-4598
-4626
-4787
-4963
-4811
-4522
-4191
-3740
-3027
-2111
-1312
-772
-544
-574
-659
-596
-119
499
1152
1575
1465
1130
1198
1909
2933
3563
2854
1264
-35
-596
-893
-1198
-1492
-1549
-1362
-1128
-878
-520
-215
-271
-231
291
1514
2847
3688
3977
3781
3238
2389
1588
1053
741
381
-165
-684
-872
-983
-1273
-1608
-1893
-1896
-1427
-642
392
1484
2272
2641
2725
2790
2710
2572
2254
1806
1414
1088
843
526
28
-672
-1350
-1800
-1849
-1531
-1037
-509
79
665
1196
1558
1744
1782
1813
1848
1863
1960
2031
1953
1654
1001
214
-251
-470
-775
-1033
-128
1903
3164
2468
1262
943
948
861
1143
1695
1993
2126
1941
1503
1282
981
246
-540
-398
422
959
1025
700
125
-998
-2072
-2749
-2933
-2702
-2362
-2011
-1318
-347
-63
-352
-1082
-1968
-2786
-3093
-3216
-3272
-3045
-3076
-3500
-4152
-4817
-5313
-5469
-5478
-5151
-4516
-3616
-2529
-1759
-1553
-1562
-1584
-1450
-982
-153
316
235
-117
-514
-314
793
2273
3438
4372
4740
4265
2817
1154
39
-635
-1379
-1815
-1446
-653
-205
-541
-1151
-1482
-1508
-1316
-536
1148
3051
4227
4713
4806
4588
3748
2474
1357
773
517
282
183
263
25
-718
-1708
-2396
-2427
-2093
-1419
-376
998
2299
3213
3635
3684
3403
2944
2479
2162
2181
2259
2140
1652
902
98
-816
-1590
-1848
-1719
-1260
-514
364
1129
1725
2016
2021
2024
2200
2781
3582
4401
4868
4580
3574
2373
1447
660
63
-187
-135
197
804
1364
1482
1206
1006
1114
1476
1993
2582
2941
2921
2765
2430
1728
624
-676
-1976
-2874
-3328
-3599
-3617
-3182
-2599
-2293
-2295
-2416
-2450
-2438
-2653
-2999
-3290
-3414
-3473
-3513
-3634
-4026
-4440
-4854
-4985
-4904
-4486
-3935
-3373
-2876
-2378
-1889
-1646
-1422
-1139
-706
-395
-49
630
1610
2306
2754
3635
4913
5480
4315
1932
-48
-965
-1556
-2203
-2560
-2343
-1845
-1718
-1805
-1700
-1536
-1361
-929
340
2221
3975
4957
5256
5186
4445
3112
1755
878
291
-404
-1098
-1325
-1211
-1480
-2254
-2945
-3007
-2600
-2014
-1105
322
1953
3147
3673
3854
3903
3663
3024
2257
1623
1258
894
449
-26
-738
-1567
-2285
-2678
-2678
-2288
-1633
-701
364
1330
2031
2470
2589
2571
2466
2253
2092
1993
1843
1435
938
431
-102
-705
-1239
-1484
-768
982
2105
1584
1103
1586
1963
1950
1945
1922
1732
1917
2351
2450
2197
1660
609
-566
-1131
-1056
-748
-402
56
213
-186
-745
-1446
-2316
-2968
-2961
-2405
-1476
-602
-492
-935
-1543
-2123
-2959
-3861
-4544
-4889
-4862
-4798
-4657
-4550
-4584
-4658
-4943
-5055
-4571
-3738
-2828
-2141
-1608
-1259
-986
-841
-985
-1282
-1469
-1484
-1516
-1537
-1389
-727
122
682
1262
2264
3637
4418
4019
2586
1193
518
131
-394
-924
-1099
-1145
-1246
-1547
-1738
-1877
-1816
-1380
-427
943
2318
3345
4047
4157
3826
3257
1940
1777
1759
305
242
-16
-770
-220
-1116
-2375
-2083
-2125
-2155
-1200
-577
757
2536
2816
2902
3329
3243
3193
2806
1815
1644
1735
1423
1154
484
-267
-872
-1488
-1731
-1531
-1264
-644
173
726
1592
2000
2026
2110
1908
1767
1891
2133
2276
2224
1786
1296
1297
1655
1768
702
-631
-651
-63
458
1276
1990
2308
2604
2747
2469
2259
2076
1624
1415
1732
2176
2115
1598
1096
474
-368
-959
-1351
-1727
-2092
-2316
-2387
-2035
-1432
-1272
-1509
-1772
-2019
-2199
-2306
-2472
-2810
-3338
-3899
-4338
-4298
-3943
-3987
-4317
-4570
-4552
-4225
-4002
-3819
-3549
-3019
-2369
-1716
-1228
-1087
-1102
-1009
-744
-451
-134
215
713
1082
1054
1207
1924
3178
4188
3965
2531
900
-26
-491
-953
-1522
-1768
-1568
-1182
-969
-887
-845
-852
-674
14
1114
2480
3594
4018
4080
3617
2925
2224
1501
628
-271
-845
-933
-750
-871
-1280
-1641
-1693
-1611
-1381
-808
84
1104
1975
2591
3112
3521
3501
2932
2187
1518
1057
760
449
223
-45
-270
-599
-871
-1044
-1116
-832
-402
297
1034
1691
2159
2312
2165
1839
1515
1185
989
755
672
787
860
752
613
960
1336
924
204
416
1104
1478
2117
2787
2814
2602
2587
2434
2132
1872
1599
1221
924
759
467
97
-238
-470
-732
-736
-769
-1257
-1834
-2018
-1987
-1971
-1653
-1353
-1159
-992
-1072
-1731
-2628
-3438
-4332
-5157
-5727
-5880
-5608
-5115
-4860
-4866
-4835
-4642
-4191
-3616
-2885
-2183
-1545
-839
-473
-397
-516
-694
-1010
-1437
-1452
-919
-145
240
140
240
1190
2631
3610
3457
2319
1087
356
184
-50
-601
-997
-1048
-829
-690
-690
-852
-1016
-974
-608
378
1711
2822
3369
3394
3166
2906
2487
1891
1087
343
-100
-212
-114
-245
-611
-1000
-1285
-1425
-1287
-911
-248
520
1231
1971
2648
3132
3217
2865
2297
1761
1446
1239
901
653
456
213
-110
-429
-699
-871
-816
-604
-106
514
1153
1640
1856
1868
1811
1809
1661
1452
1345
1346
1388
1341
1073
606
229
73
-38
67
1061
2301
2512
2035
2088
2412
2301
2063
1798
1533
1554
2014
2407
2511
2149
1269
267
-237
-108
-79
20
429
886
1188
915
290
-568
-1938
-3043
-3276
-2468
-852
5
-330
-785
-1000
-1375
-2236
-3430
-4444
-4827
-4691
-4265
-3745
-3379
-3358
-3782
-4157
-4024
-3684
-3172
-2440
-1664
-682
166
391
147
-423
-1226
-1552
-1432
-1336
-1129
-1000
-679
-28
558
869
1118
1420
2011
3050
3807
3743
3049
2422
1823
1100
245
-578
-1042
-1295
-1469
-1475
-1128
-844
-513
-168
258
1033
1913
2612
3020
3364
3400
3332
3140
2643
1889
1109
411
-119
-468
-838
-1141
-1407
-1470
-1459
-1292
-923
-384
316
982
1684
2400
2978
3241
3151
2835
2465
2087
1618
1105
583
92
-342
-715
-968
-1161
-1248
-1246
-1134
-832
-349
138
670
1154
1418
1751
2028
2203
2258
2117
1841
1578
1214
974
831
717
483
114
-275
-604
156
1664
2523
2202
2088
2605
2951
3170
2913
2001
1302
1261
1067
639
402
258
-71
-655
-1216
-1806
-2312
-2758
-3292
-3740
-3559
-2541
-1680
-1539
-1727
-2032
-2372
-2454
-2903
-4037
-4806
-4769
-4628
-4613
-4424
-4350
-4482
-4564
-4683
-4420
-3521
-2662
-2346
-1979
-1340
-688
-297
-531
-1024
-1154
-693
99
768
740
336
-35
-143
183
938
1694
2117
2171
1526
863
760
687
-48
-1119
-1676
-1482
-818
-345
-378
-545
-488
-176
294
850
1350
1700
1858
1996
2351
2646
2564
2016
1132
343
-71
-176
-348
-641
-897
-1033
-792
-451
-314
-315
-303
-114
338
1019
1720
2322
2607
2625
2486
2367
2150
1694
1099
590
410
399
384
147
-200
-473
-595
-585
-468
-252
12
303
656
1091
1484
1676
1643
1452
1394
1547
1657
1680
1488
1122
845
784
706
481
134
-76
-189
-118
5
524
2349
4630
5591
5137
4589
4032
3250
2168
758
-512
-693
-106
178
341
204
-512
-1498
-2527
-3302
-3458
-3056
-2368
-1532
-900
-131
540
164
-999
-2261
-3293
-4197
-4774
-5356
-5632
-5186
-4533
-4357
-4495
-4669
-4892
-4652
-4358
-3994
-3216
-2099
-1116
-226
468
752
856
672
350
418
893
1133
1051
760
551
794
1219
1606
1967
2081
1730
1131
743
607
549
235
-165
-358
10
518
676
641
345
208
288
650
1085
1633
2014
2289
2557
2647
2648
2347
1891
1150
597
371
397
382
203
46
23
125
114
14
-142
-65
168
597
1122
1721
2276
2520
2497
2337
2250
2057
1712
1310
927
868
919
816
665
291
-64
-305
-490
-532
-446
-285
-73
229
706
1983
5238
9169
9828
6305
1931
-543
-1398
-1867
-2885
-4007
-3650
-1789
139
1187
1528
1696
1557
932
925
2498
4439
5305
5111
4166
3886
4701
4205
1631
-1021
-2583
-2981
-2640
-2777
-3469
-3628
-3290
-3200
-3076
-2933
-2787
-2719
-2994
-2921
-1920
-606
-338
-1360
-3054
-4267
-4524
-4831
-5766
-6525
-6648
-6229
-5292
-4543
-4258
-3957
-3660
-3599
-3215
-2262
-1411
-902
-698
-141
2248
6363
9292
8766
5698
2416
331
-1011
-2596
-4625
-5781
-5123
-3179
-1207
66
624
210
-1222
-2698
-2882
-1754
-292
725
1217
2138
4182
5996
5968
4315
2195
492
-255
-585
-959
-1041
-737
-435
-383
-405
-511
-1078
-2206
-3370
-3651
-2555
-787
724
1510
2116
2947
3649
3597
2761
1755
907
530
601
869
1358
1663
1415
784
97
-354
-757
-1366
-2231
-2721
-2161
-960
125
772
1079
1237
1398
1395
1214
1179
1422
2071
2846
3419
3793
4001
3685
2867
1974
1209
748
467
224
83
193
428
585
455
170
-186
-476
-605
-586
-507
-544
-673
-789
-718
-530
-493
-764
-1333
-2013
-2570
-3087
-3625
-4260
-4896
-5473
-5884
-6046
-6110
-6101
-6163
-6307
-6320
-6163
-5769
-5327
-4875
-4371
-3698
-2745
-1869
-1202
-910
-677
-152
658
1446
1998
2236
2136
1947
1820
1737
1750
1932
1981
1840
1472
1051
673
344
-165
-896
-1490
-1792
-1685
-1442
-1180
-895
-705
-458
-132
173
492
818
1156
1474
1817
2251
2621
2785
2742
2534
2205
1839
1420
876
415
4
-269
-452
-459
-406
-511
-553
-567
-464
-233
-40
161
461
825
1292
1720
2056
2266
2410
2418
2383
2393
2243
1971
1765
1485
1151
879
578
374
69
-200
-348
-407
-404
-272
13
346
832
1323
1850
2256
2412
2572
2718
2771
2718
2537
2311
2195
2218
2151
1988
1576
1158
751
275
-133
-513
-908
-1423
-1832
-2106
-2074
-1909
-1826
-1876
-1880
-1730
-1542
-1468
-1627
-1872
-2126
-2216
-2298
-2503
-2734
-3114
-3603
-4175
-4683
-5013
-5268
-5384
-5483
-5512
-5403
-5161
-4912
-4665
-4264
-3812
-3364
-2923
-2514
-1957
-1201
-328
504
1213
1685
1931
2152
2362
2432
2426
2393
2449
2610
2721
2718
2439
2007
1440
772
-56
-782
-1350
-1719
-1991
-2185
-2115
-1875
-1498
-1194
-1026
-879
-554
-195
191
549
925
1398
1866
2309
2592
2770
2859
2768
2607
2279
1946
1651
1340
1004
663
416
198
62
-120
-322
-410
-448
-491
-488
-445
-308
-84
243
540
805
1061
1307
1463
1593
1609
1609
1723
1786
1767
1716
1699
1687
1730
1784
1822
1881
1967
1989
1925
1673
1447
1289
1210
1094
968
899
904
935
989
1025
991
915
687
524
326
147
-103
-414
-758
-1069
-1178
-1193
-1185
-1264
-1431
-1648
-1894
-2118
-2359
-2633
-2936
-3241
-3427
-3547
-3667
-3723
-3772
-3763
-3761
-3829
-3874
-3861
-3801
-3593
-3338
-2999
-2606
-2306
-2023
-1802
-1590
-1371
-1122
-794
-307
157
559
956
1304
1624
1893
2008
2176
2319
2558
2796
2872
2871
2662
2503
2258
1921
1478
992
624
394
196
-36
-175
-238
-207
-180
-212
-200
-135
-51
73
282
474
798
1137
1345
1574
1840
2045
2162
2228
2225
2219
2173
2206
2194
2138
2077
1974
1931
1859
1700
1574
1407
1239
1089
948
881
878
851
789
761
681
693
715
728
687
642
684
799
896
1017
1095
1185
1273
1413
1603
1813
2131
2404
2618
2608
2608
2546
2487
2431
2231
2024
1907
1843
1886
1950
1809
1680
1569
1396
1215
977
694
391
21
-211
-371
-516
-609
-661
-717
-774
-848
-924
-983
-1118
-1302
-1486
-1552
-1581
-1568
-1608
-1710
-1773
-1900
-2051
-2194
-2382
-2496
-2542
-2564
-2563
-2539
-2429
-2276
-2048
-1860
-1740
-1602
-1373
-1157
-1011
-857
-729
-473
-180
106
391
623
942
1345
1730
2016
2333
2614
2799
2780
2632
2479
2296
2214
2026
1750
1545
1409
1313
1150
1000
777
532
380
206
65
-48
-11
64
157
199
232
363
485
652
762
825
873
952
1089
1209
1291
1348
1386
1451
1461
1463
1433
1389
1327
1307
1238
1182
1127
1063
1040
906
823
661
609
590
488
447
369
182
133
62
20
38
1
74
99
78
41
114
226
352
472
648
826
1026
1282
1463
1589
1646
1640
1687
1660
1611
1558
1449
1389
1353
1353
1364
1304
1171
1091
981
837
606
424
208
-59
-284
-553
-815
-952
-1032
-1061
-1057
-1118
-1193
-1259
-1303
-1460
-1670
-1855
-2011
-2141
-2296
-2437
-2418
-2412
-2471
-2445
-2407
-2407
-2402
-2383
-2404
-2477
-2492
-2431
-2300
-2125
-1945
-1773
-1553
-1345
-1210
-1080
-1005
-955
-935
-974
-1021
-1025
-866
-492
-79
290
604
969
1443
1859
2093
2089
1923
1714
1448
1328
1198
1059
928
809
778
694
670
665
628
566
358
23
-236
-399
-368
-395
-349
-245
-126
104
300
471
591
649
558
533
494
474
562
712
825
899
985
1075
1203
1292
1295
1236
1105
833
684
604
547
522
478
458
384
314
342
359
289
252
116
3
-104
-222
-184
-149
-112
-19
159
407
665
929
1145
1304
1470
1569
1592
1649
1673
1703
1805
1902
1959
2036
2082
2093
2072
1905
1709
1460
1212
952
696
508
288
3
-329
-625
-910
-1188
-1407
-1624
-1875
-2139
-2423
-2653
-2810
-2902
-2968
-3104
-3281
-3392
-3438
-3457
-3381
-3241
-3101
-2927
-2793
-2644
-2419
-2136
-1858
-1572
-1319
-1119
-955
-807
-551
-329
-108
97
302
481
655
694
703
796
877
967
944
948
1053
1252
1356
1327
1167
969
831
691
452
188
-37
-277
-445
-548
-541
-546
-459
-289
-184
-115
-34
39
87
152
203
231
236
289
395
550
724
831
959
969
998
1012
874
760
642
537
383
287
218
206
223
252
259
178
86
10
-88
-162
-262
-367
-432
-457
-407
-365
-276
-160
-27
29
52
-3
-69
-119
-193
-183
-173
-161
-111
-37
53
90
157
210
229
190
189
259
330
459
626
802
910
1020
1091
1181
1301
1358
1332
1260
1165
1104
1107
1101
1034
932
801
656
501
341
251
153
-75
-333
-622
-978
-1265
-1551
-1725
-1907
-2160
-2317
-2513
-2691
-2815
-3037
-3283
-3548
-3866
-4103
-4254
-4280
-4237
-4087
-3836
-3565
-3278
-2958
-2593
-2267
-1978
-1658
-1409
-1176
-903
-720
-498
-265
7
256
542
687
656
562
421
226
50
-3
-121
-208
-288
-161
62
276
369
363
232
88
-113
-389
-573
-779
-894
-946
-852
-732
-535
-267
84
429
587
599
541
457
386
356
374
353
374
462
608
763
837
886
894
771
569
265
-84
-312
-478
-453
-414
-366
-247
-138
-12
145
240
252
202
128
102
16
50
181
284
501
627
711
774
750
747
642
443
256
36
-94
-168
-212
-151
-96
-49
-16
17
-26
-70
-106
-108
-83
-56
-41
55
199
463
715
1019
1518
1961
2434
2731
2867
2910
2975
2960
2851
2682
2328
1928
1563
1187
821
474
197
-67
-393
-659
-977
-1412
-1862
-2280
-2717
-3123
-3527
-3810
-3928
-3964
-3976
-3950
-3906
-3843
-3741
-3523
-3301
-3127
-2853
-2581
-2273
-1852
-1331
-763
-112
480
988
1308
1390
1375
1300
1165
1044
971
894
794
644
450
168
-60
-222
-340
-477
-622
-799
-818
-565
-182
211
475
688
828
966
1026
1064
1051
1014
1098
1230
1394
1527
1724
1993
2138
2153
1990
1640
1233
886
615
398
197
20
-41
-72
-21
19
14
1
38
-15
-96
-213
-281
-114
159
496
764
1074
1338
1530
1651
1715
1725
1637
1502
1361
1189
1048
951
872
866
819
749
602
324
69
-195
-436
-611
-756
-813
-774
-667
-509
-291
-94
113
286
424
565
629
670
799
959
1045
1142
1259
1332
1391
1423
1371
1295
1136
897
694
545
399
331
325
354
426
449
442
467
589
1000
1827
2795
3537
3878
3803
3438
2927
2262
1543
782
167
-296
-624
-932
-1358
-1712
-2047
-2395
-2872
-3497
-4272
-5020
-5421
-5427
-5092
-4551
-3997
-3376
-2759
-2210
-1674
-1317
-1042
-797
-622
-390
-148
220
711
1307
1848
2136
2147
1836
1385
802
316
-144
-496
-760
-1000
-1212
-1475
-1644
-1784
-1901
-2039
-2174
-2400
-2613
-2718
-2503
-1980
-953
390
1616
2627
3102
3173
3029
2767
2499
2355
2265
2099
1865
1640
1453
1272
1151
1056
680
78
-733
-1670
-2456
-2874
-2804
-2432
-1854
-1274
-743
-278
144
495
800
1095
1360
1532
1583
1718
1918
2208
2634
3037
3314
3218
2822
2266
1575
930
409
26
-213
-290
-342
-324
-303
-208
-62
37
158
201
251
420
721
1149
1639
2095
2424
2582
2566
2371
2261
2305
2518
2669
2616
2207
1555
770
-181
-1237
-2396
-3438
-4366
-5042
-5505
-5669
-5562
-5158
-4549
-3893
-3416
-3192
-3068
-2914
-2580
-2070
-1346
-614
124
738
1241
1623
1817
1869
1804
1555
1077
411
-386
-1017
-1269
-1188
-981
-625
-441
-527
-913
-1351
-1645
-1706
-1443
-1078
-547
-41
501
907
1305
1830
2512
3097
3263
3096
2612
2033
1624
1392
1345
1399
1416
1257
818
259
-412
-873
-1153
-1273
-1333
-1384
-1410
-1407
-1159
-695
-68
508
956
1257
1336
1321
1292
1389
1680
1945
2209
2342
2246
2044
1752
1452
1145
850
552
138
-284
-594
-778
-814
-738
-601
-479
-456
-521
-631
-617
-493
-181
268
714
1094
1312
1366
1398
1417
1379
1334
1194
982
715
460
194
25
-60
-91
-218
-402
-650
-986
-1243
-1326
-1257
-1080
-833
-596
-329
-131
96
297
519
677
703
851
1311
2193
3494
4913
6038
6508
6084
4905
3073
915
-1286
-3214
-4532
-5327
-5854
-6212
-6399
-6351
-6030
-5633
-5258
-5148
-5154
-5003
-4590
-3721
-2427
-768
951
2427
3429
3796
3602
3144
2633
2204
1860
1434
956
441
-38
-406
-729
-1055
-1422
-2002
-2630
-3305
-3965
-4306
-4230
-3670
-2861
-1983
-1197
-567
-46
529
1066
1674
2277
2747
3127
3226
3153
2913
2635
2408
2291
2289
2095
1643
1040
396
-181
-630
-912
-1153
-1291
-1376
-1372
-1316
-1124
-813
-365
185
602
988
1268
1502
1825
2234
2695
3187
3471
3643
3660
3503
3294
2979
2704
2374
1963
1418
753
19
-687
-1306
-1711
-2033
-2495
-2947
-3544
-4127
-4659
-5104
-5292
-5200
-4881
-4499
-4003
-3472
-2876
-2054
-1063
-132
595
1014
1149
1096
989
1034
1108
1087
1001
819
463
-24
-562
-1113
-1514
-1820
-2047
-2263
-2435
-2493
-2436
-2265
-1989
-1711
-1525
-1436
-1430
-1434
-1368
-1108
-707
-177
355
795
1068
1186
1417
1831
2400
3063
3525
3621
3228
2533
1755
1052
556
231
46
-173
-470
-886
-1266
-1548
-1668
-1590
-1461
-1346
-1246
-1116
-886
-370
276
1048
1814
2311
2510
2431
2252
2008
1888
1803
1805
1757
1516
1209
834
473
138
-123
-350
-554
-779
-967
-991
-798
-452
98
586
1020
1293
1323
1404
1444
1626
1953
2321
2571
2679
2636
2399
2155
1874
1483
1042
508
-142
-775
-1363
-1793
-1915
-1899
-1861
-1826
-1859
-1898
-1880
-1585
-693
689
2214
3069
2765
1539
-215
-1522
-1990
-1614
-872
-285
-92
-467
-1214
-2064
-2655
-2878
-2724
-2504
-2510
-2723
-2919
-2705
-1820
-559
551
1077
966
387
-261
-639
-652
-185
502
1056
1269
1032
451
-210
-613
-716
-718
-829
-1133
-1481
-1650
-1452
-861
40
962
1694
1968
1724
1097
508
362
687
1434
2228
2765
2911
2691
2362
2017
1688
1304
854
448
-16
-416
-611
-471
-81
455
824
783
440
-69
-424
-442
-26
635
1314
1957
2408
2689
2841
2879
2939
3029
2991
2780
2490
2224
2022
1816
1735
1461
895
129
-769
-1610
-2280
-2709
-3022
-3228
-3575
-3951
-4333
-4609
-4591
-4230
-3642
-3010
-2469
-2010
-1518
-935
-258
462
1096
1459
1565
1407
1214
894
648
430
269
58
-347
-765
-1240
-1644
-1940
-2061
-2096
-2079
-2100
-2102
-2077
-1921
-1622
-1246
-850
-530
-415
-376
-318
-203
31
318
640
752
721
533
380
296
418
694
1040
1490
1806
1954
1942
1751
1369
971
535
110
-231
-503
-622
-580
-427
-192
-105
-141
-288
-482
-657
-773
-677
-372
54
529
1006
1354
1544
1578
1526
1454
1451
1513
1566
1746
2010
2383
2747
2935
3008
2888
2643
2169
1680
1283
1016
920
937
971
973
1000
918
816
677
429
86
-316
-867
-1385
-1893
-2379
-2827
-3300
-3670
-3966
-4127
-4140
-4053
-3841
-3579
-3271
-2915
-2489
-1996
-1458
-747
-173
271
521
569
605
502
373
171
-33
-160
-267
-357
-532
-720
-898
-1089
-1347
-1574
-1776
-1970
-1979
-1912
-1831
-1727
-1716
-1611
-1361
-958
-443
93
908
2011
3086
3820
3915
3395
2587
1723
1183
1041
1188
1389
1522
1469
1151
551
-116
-725
-1230
-1565
-1837
-2043
-2085
-1812
-1245
-375
403
897
1065
959
738
608
678
1013
1469
1994
2436
2518
2288
1846
1323
810
401
21
-294
-636
-767
-741
-589
-345
-244
-212
-322
-486
-633
-589
-407
-36
506
1018
1368
1520
1604
1593
1496
1338
1129
837
589
454
387
398
393
378
274
60
-245
-616
-884
-965
-923
-661
-277
-34
211
348
464
530
595
689
673
697
729
811
882
993
1125
1148
1122
952
624
302
34
-112
-168
-60
162
516
877
979
825
494
107
-77
-78
63
356
702
1058
1291
1426
1413
1396
1317
1270
1152
1064
1010
910
915
965
1053
981
840
548
193
-149
-421
-536
-528
-429
-229
-207
-431
-807
-1284
-1639
-1932
-2119
-2170
-2199
-2136
-1969
-1845
-1700
-1684
-1766
-1830
-1576
-617
1105
2885
3793
3242
1443
-664
-2306
-2981
-2804
-2213
-1625
-1334
-1450
-1820
-2324
-2612
-2649
-2543
-2435
-2499
-2743
-2750
-2141
-919
599
1700
2067
1590
640
-202
-591
-427
90
704
1228
1321
937
163
-618
-1105
-1260
-1241
-1289
-1420
-1603
-1496
-1041
-458
98
417
431
247
39
-80
11
378
943
1589
2034
2094
1795
1382
1124
1094
1105
1117
952
656
467
502
692
946
1215
1336
1340
1198
1009
859
979
1360
1884
2281
2377
2286
1967
1641
1451
1303
1106
669
33
-649
-1351
-1879
-2178
-2335
-2389
-2503
-2749
-3192
-3590
-3799
-3832
-3506
-3043
-2508
-2063
-1709
-1353
-1034
-732
-402
-145
3
41
-47
-134
-214
-216
-221
-286
-408
-601
-803
-970
-1116
-1185
-1197
-1130
-1075
-944
-863
-799
-700
-687
-769
-883
-1039
-1127
-1009
-777
-429
-267
-269
-507
-880
-1211
-1261
-917
-267
677
1611
2298
2618
2513
2150
1726
1352
1072
859
689
607
638
693
757
828
867
595
216
-218
-663
-830
-754
-373
192
687
996
1147
1044
835
605
481
479
597
844
1010
1043
1065
1001
860
671
397
165
-103
-311
-448
-344
-103
141
365
570
765
832
808
759
695
756
1082
1565
2025
2291
2332
2096
1692
1244
872
553
416
407
497
690
840
981
1071
1026
919
846
754
729
775
977
1324
1680
1873
1870
1642
1299
946
625
317
41
-130
-360
-590
-915
-1274
-1671
-2078
-2413
-2616
-2717
-2708
-2630
-2584
-2462
-2309
-2152
-1986
-1705
-1445
-1245
-1193
-1177
-1195
-1172
-1098
-1089
-987
-891
-757
-648
-566
-483
-502
-457
-423
-426
-457
-614
-677
-793
-935
-1012
-1115
-1166
-1237
-1243
-1188
-1183
-1052
-780
-385
85
546
844
954
976
854
696
610
622
714
938
1116
1186
1156
1041
950
857
759
696
635
524
389
215
146
215
434
702
868
975
968
949
1005
1110
1301
1520
1733
1890
2004
2051
2058
2100
2093
2188
2225
2137
1971
1765
1552
1331
1158
886
651
324
-21
-364
-739
-1043
-1339
-1601
-1747
-1765
-1694
-1627
-1669
-1680
-1772
-1959
-2022
-1989
-1891
-1674
-1403
-1082
-921
-862
-863
-954
-982
-1074
-1146
-1212
-1243
-1162
-1050
-930
-870
-948
-1185
-1516
-1884
-2089
-2111
-1919
-1506
-1091
-745
-672
-784
-1081
-1335
-1410
-1332
-1117
-943
-843
-876
-889
-907
-933
-922
-837
-748
-800
-940
-933
-860
-525
-24
449
873
1061
1151
1191
1198
1216
1259
1247
1302
1278
1179
961
803
795
800
862
772
556
194
-165
-239
-133
166
616
913
1031
956
767
574
549
736
1109
1565
1907
2031
2005
1817
1539
1331
1178
1128
1148
1245
1263
1295
1360
1397
1455
1420
1340
1155
921
729
605
637
774
1002
1192
1293
1196
847
483
84
-267
-402
-383
-330
-344
-473
-725
-1060
-1429
-1774
-1945
-1986
-1927
-1697
-1434
-1144
-908
-814
-793
-897
-1100
-1320
-1489
-1589
-1532
-1292
-1001
-741
-556
-513
-582
-871
-1276
-1635
-1721
-1452
-1012
-541
-276
-311
-608
-954
-1382
-1680
-1720
-1536
-1175
-673
-175
106
226
188
114
38
45
108
247
493
763
1063
1285
1379
1255
1033
755
430
230
88
268
733
1321
1959
2346
2350
2020
1520
989
595
482
593
893
1286
1571
1701
1644
1386
1172
1017
957
1067
1231
1430
1569
1779
1892
1976
2027
2010
1934
1823
1657
1495
1400
1415
1600
1656
1677
1525
1196
771
333
-54
-388
-584
-660
-650
-655
-734
-834
-1011
-1148
-1224
-1198
-1094
-1039
-1029
-1112
-1215
-1320
-1295
-1228
-1134
-986
-838
-768
-796
-949
-1141
-1286
-1337
-1306
-1219
-1117
-1009
-894
-740
-341
344
1177
1773
1976
1595
835
11
-654
-958
-824
-341
293
858
955
481
-404
-1352
-2059
-2297
-2213
-1831
-1334
-986
-716
-637
-708
-885
-1070
-1181
-1181
-1118
-1106
-1004
-778
-331
312
873
1129
944
510
-57
-443
-437
-136
513
1218
1765
1955
1647
922
152
-286
-179
402
1153
1826
2070
1901
1300
508
-234
-745
-782
-447
187
784
1140
1158
966
791
610
546
530
534
650
742
829
857
755
755
678
600
326
-197
-740
-1199
-1367
-1267
-833
-391
-174
-236
-566
-1043
-1488
-1736
-1662
-1224
-571
-114
22
-273
-864
-1428
-1740
-1671
-1271
-655
-129
130
-4
-488
-1084
-1530
-1672
-1413
-880
-219
194
300
86
-359
-857
-1220
-1367
-1337
-1020
-621
-297
-170
-262
-499
-736
-942
-1006
-878
-688
-380
-101
5
54
49
57
-53
-182
-235
-236
-248
-164
-19
167
560
828
937
840
561
185
-102
-188
-75
258
591
864
930
648
150
-422
-809
-890
-612
-14
665
1140
1252
989
516
8
-328
-263
6
530
1035
1282
1268
817
229
-404
-887
-926
-550
50
515
777
823
567
144
-221
-434
-348
-43
419
861
1020
892
606
272
10
-117
-145
7
202
370
425
343
157
4
-121
-162
-101
29
195
286
370
400
412
390
332
268
166
73
-94
-188
-314
-230
-143
158
1118
1795
1385
259
-816
-1755
-1724
-1166
-468
307
514
402
680
1012
918
1197
1341
1314
1601
1889
2156
2402
2427
2236
2036
1813
1652
1720
1947
1927
1568
1179
805
536
402
12
-650
-1113
-1170
-835
-243
178
184
-74
-344
-672
-1045
-1230
-1206
-867
-233
416
861
1068
915
585
382
283
308
488
811
1279
1639
1652
1227
529
-93
-410
-385
-110
185
408
625
659
497
118
-372
-733
-625
-80
670
1115
1198
963
450
-13
-538
-890
-928
-550
103
673
749
409
-107
-623
-962
-1161
-1001
-491
189
826
1016
828
296
-398
-869
-1089
-1007
-657
-199
224
443
419
174
-356
-759
-1003
-932
-492
7
500
935
1263
1500
1496
1256
862
391
236
302
368
400
486
656
811
876
763
439
102
-53
15
245
626
994
1271
1435
1353
1032
577
82
-268
-406
-370
-201
-79
-7
-69
-293
-606
-931
-1180
-1269
-1139
-823
-449
-135
-6
-45
-127
-156
-189
-320
-475
-681
-817
-854
-887
-956
-1047
-972
-789
-548
-306
-149
-27
57
162
229
495
893
1154
1280
1216
947
473
32
-393
-753
-845
-547
-65
361
548
439
250
-89
-352
-446
-292
208
863
1373
1506
1240
733
238
-153
-309
-159
105
384
538
508
385
94
-213
-475
-601
-489
-215
-51
-30
-83
-181
-259
-237
-112
-31
21
-24
-38
-117
-210
-268
-240
-11
209
422
551
561
479
350
183
75
102
163
343
546
555
372
139
-29
-234
-235
-60
122
357
514
633
666
603
440
152
-44
86
395
674
901
919
833
689
460
152
-135
-323
-346
-80
264
608
698
640
505
172
-125
-388
-505
-458
-175
118
303
468
483
350
127
-107
-269
-264
-52
348
705
810
695
400
-6
-262
-377
-323
-127
165
517
748
811
646
301
-1
-192
-105
130
376
603
692
757
670
562
418
374
429
564
692
707
589
377
119
-104
-157
-199
-182
-77
127
247
220
86
-108
-279
-248
-80
107
215
229
108
1
-72
-174
-229
-287
-228
-98
18
70
22
-145
-152
-6
197
335
399
310
64
-191
-399
-502
-442
-240
-55
54
65
-124
-476
-861
-1114
-1048
-640
-52
497
928
1086
936
503
-44
-458
-477
-173
330
690
803
676
282
-257
-846
-1120
-1127
-774
-145
470
893
899
510
-86
-583
-776
-752
-526
-124
271
658
787
610
253
-190
-385
-344
-68
293
615
834
858
681
323
-65
-340
-444
-359
-175
14
182
111
-15
-166
-395
-414
-241
26
405
690
829
798
579
218
-258
-625
-851
-878
-729
-484
-256
-149
-146
-239
-470
-665
-733
-641
-381
-80
252
497
502
308
10
-332
-595
-738
-744
-640
-476
-197
-7
-16
-115
-299
-442
-523
-451
-276
-15
335
592
702
672
507
311
205
37
-147
-271
-240
-162
-138
-233
-467
-554
-616
-527
-420
-408
-359
-275
-57
134
215
213
205
135
39
-70
-150
-239
-195
-46
142
330
384
392
186
-98
-337
-491
-628
-616
-483
-181
152
378
470
314
139
-87
-202
-233
-165
-40
111
154
91
-17
-178
-305
-358
-363
-355
-223
-79
40
113
110
47
39
136
232
214
129
21
-117
-308
-491
-559
-534
-377
-144
19
-30
-191
-417
-494
-392
-273
-86
68
296
541
599
423
81
-271
-459
-454
-287
-87
103
244
350
320
68
-253
-585
-713
-617
-324
-59
183
460
656
714
484
27
-448
-672
-623
-428
-213
-77
-5
66
56
-10
-130
-268
-241
-101
60
130
145
107
149
283
348
293
160
40
-42
-110
-270
-412
-453
-274
125
508
624
451
112
-158
-296
-363
-370
-295
-58
228
552
665
528
235
-84
-266
-256
-41
178
392
648
876
916
772
472
138
-106
-216
-332
-248
16
318
600
664
616
404
161
-102
-253
-215
-4
285
558
694
644
492
197
-156
-515
-714
-657
-390
-35
240
459
421
224
43
-225
-345
-401
-342
-196
-44
29
-70
-276
-496
-696
-849
-810
-671
-395
24
326
407
361
217
156
139
106
-11
-5
182
381
469
323
115
-98
-154
-243
-418
-529
-461
-239
-7
102
132
149
262
374
290
164
27
68
138
171
122
-7
-108
-265
-473
-677
-764
-740
-571
-291
52
287
461
478
312
118
-132
-195
-156
-98
-91
-168
-268
-369
-328
-308
-389
-465
-419
-268
-64
65
27
9
-41
-150
-148
-120
-150
-233
-396
-523
-623
-582
-440
-350
-293
-244
-145
-125
-241
-412
-337
-78
142
277
328
281
158
37
-272
-710
-942
-792
-462
-146
19
7
-134
-310
-537
-627
-507
-229
152
386
493
499
490
249
-146
-515
-615
-438
-195
-115
-207
-320
-337
-318
-421
-390
-293
-85
102
18
-168
-281
-257
-189
-258
-434
-547
-480
-377
-423
-648
-816
-767
-531
-152
179
280
169
-21
-137
-212
-309
-358
-377
-276
-111
39
6
-203
-450
-554
-505
-411
-234
-103
115
362
402
242
43
-66
-39
143
254
187
119
147
175
155
33
-91
-184
-139
-51
-38
-75
-195
-112
-8
38
46
21
15
17
19
-45
-159
-298
-305
-234
-107
-92
-155
-207
-330
-371
-347
-312
-330
-198
-148
-194
-263
-345
-325
-256
-139
-44
49
100
105
95
-50
-254
-251
-135
4
39
156
165
117
113
-14
-150
-194
-224
-91
215
355
450
349
221
126
92
52
92
167
204
227
152
39
-149
-245
-283
-186
-130
-95
-6
73
153
157
122
51
14
59
197
253
159
-62
-282
-255
-156
-115
-115
-127
-141
-27
106
128
62
37
106
138
276
436
472
450
447
357
233
107
66
63
182
327
278
260
161
79
69
37
-21
-120
-115
-39
76
204
249
252
182
96
6
-40
-71
-160
-157
-82
-90
-92
-153
-267
-264
-280
-304
-358
-395
-289
-125
34
42
-10
7
-8
5
-42
-157
-163
-33
38
1
-77
-205
-227
-223
-263
-279
-280
-222
-163
-61
8
-6
22
135
178
179
246
170
83
88
-9
-142
-149
-51
52
92
5
-93
-113
-138
-222
-282
-287
-165
19
182
311
297
206
81
35
-76
-84
1
71
61
42
97
98
102
-3
-101
-146
-19
104
177
167
60
47
137
209
172
181
89
53
49
68
18
-29
-12
-48
0
31
63
36
60
27
-58
49
197
205
209
255
386
480
443
294
188
58
66
142
112
157
127
114
47
7
53
120
171
201
191
258
357
444
382
288
248
208
231
269
248
134
137
160
177
157
157
185
191
300
392
360
382
371
272
164
103
39
89
144
61
66
112
180
231
200
76
40
70
163
148
164
247
291
328
283
254
249
287
279
327
324
382
437
416
409
345
250
239
204
163
157
157
212
253
279
292
307
265
279
272
265
266
275
239
163
169
162
132
96
67
54
39
21
59
127
118
117
137
118
92
43
0
23
46
162
203
170
212
184
200
220
241
249
179
176
270
263
225
241
280
288
280
218
137
203
262
354
397
262
92
101
190
165
203
198
218
299
303
339
315
179
225
257
217
154
66
91
105
86
34
-36
-140
-98
-37
22
123
215
162
127
170
171
210
188
168
198
215
112
117
87
129
173
111
109
146
124
115
291
354
276
181
185
171
185
203
170
223
243
192
141
36
37
117
235
303
271
318
357
269
191
284
341
307
252
174
34
63
148
165
159
106
-22
-1
85
70
183
177
13
-15
89
16
72
160
60
99
193
128
204
322
293
371
355
252
198
203
282
335
321
242
237
337
258
226
189
73
77
66
27
42
115
57
18
141
64
-49
8
-13
68
150
104
24
31
150
181
218
278
136
138
244
164
81
67
-29
-169
-86
-117
-227
-196
-163
-136
-104
-97
-147
-156
-52
-8
-8
18
83
23
1
84
109
-19
-82
29
68
138
122
120
69
76
113
103
11
-42
-38
-76
-33
-52
-34
-42
-66
-30
10
36
67
-16
-121
-58
15
-25
-49
-49
-62
-196
-153
-32
-136
-139
-148
-117
-109
-169
-49
7
-11
41
57
41
31
51
64
106
42
18
30
64
93
81
106
74
81
42
39
99
145
131
170
116
17
52
137
228
144
135
156
70
118
240
226
107
34
113
117
53
117
104
104
100
68
27
-2
90
175
192
135
13
-21
51
107
146
114
61
18
85
148
187
197
144
150
40
15
125
156
183
188
119
45
76
100
92
81
68
24
-44
58
166
179
157
174
251
128
49
71
149
197
150
205
194
214
317
427
281
131
132
107
71
107
167
126
94
47
133
175
146
189
252
164
184
360
393
386
428
417
423
468
447
459
433
406
326
252
273
353
405
326
174
118
114
102
68
27
-4
22
85
36
-14
-1
-1
-7
-13
3
25
58
62
-35
39
81
79
148
225
146
126
209
215
223
96
89
140
209
236
216
230
206
191
231
215
130
142
130
115
151
91
-2
-24
35
-9
-108
-108
-94
12
8
-69
-130
-126
-61
-62
-55
-148
-218
-208
-112
-81
-101
-115
-92
-34
-86
-86
-77
-157
-143
-47
-96
-156
-115
-38
26
46
1
12
38
51
93
97
65
-15
7
52
37
-2
-58
-10
-36
-45
-78
-189
-164
-132
-126
-54
-71
-147
-34
36
42
-10
-82
-173
-247
-191
-108
-137
-168
-251
-312
-280
-322
-316
-258
-294
-368
-299
-350
-424
-402
-328
-387
-535
-645
-692
-528
-511
-615
-640
-695
-714
-678
-636
-563
-611
-681
-604
-612
-640
-622
-623
-593
-556
-580
-645
-720
-714
-638
-616
-666
-731
-664
-560
-457
-431
-548
-601
-436
-308
-320
-408
-490
-429
-287
-296
-362
-366
-405
-381
-284
-166
-241
-247
-162
-163
-190
-189
-230
-257
-235
-189
-225
-325
-345
-362
-333
-272
-158
-231
-361
-371
-229
-233
-231
-121
-181
-233
-205
-104
-102
-96
-93
-92
-98
-82
11
50
1
-57
-48
-53
-41
-10
-48
-75
-167
-212
-151
-106
-104
-89
-6
-31
-47
-1
122
157
92
93
65
114
94
66
101
15
-72
-146
-148
-18
-55
-217
-155
-125
-178
-131
-12
63
-45
-7
165
213
177
122
204
278
175
131
208
174
122
162
155
122
115
111
142
145
12
-97
-54
-37
-65
12
7
-40
-110
-49
7
-22
-61
-119
-79
-94
-131
-85
-11
-15
25
-20
6
22
3
7
69
67
6
58
69
-16
-88
-2
-20
10
-6
-138
-196
-143
-93
-119
-79
21
67
61
33
56
70
6
-75
23
85
28
53
83
131
105
160
228
204
127
124
140
149
159
110
60
-63
-46
37
20
6
9
-37
-102
-141
-127
-24
-38
-66
-83
-174
-177
-181
-181
-197
-184
-195
-237
-270
-360
-429
-456
-436
-459
-407
-385
-475
-496
-368
-324
-386
-360
-368
-342
-384
-346
-188
-151
-207
-218
-144
-158
-131
-121
-170
-201
-206
-140
-125
-191
-176
-162
-155
-79
-113
-100
-83
-125
-117
-14
85
47
58
70
-61
-10
140
163
78
60
91
26
-2
44
39
-34
53
74
-16
-17
6
12
10
-20
-73
-41
-47
-8
124
91
87
123
108
94
63
54
73
81
67
25
-24
7
-6
-66
-65
-75
-153
-188
-182
-198
-149
-232
-255
-179
-234
-285
-216
-120
-131
-124
-153
-189
-172
-126
-104
-69
-81
-149
-182
-167
-166
-119
-43
-66
-199
-259
-232
-249
-194
-163
-222
-303
-384
-325
-258
-228
-154
-199
-219
-173
-178
-165
-220
-245
-166
-196
-221
-241
-212
-223
-133
-62
-245
-405
-376
-209
-105
-153
-231
-192
-254
-214
-97
-115
-150
-108
-34
-98
-157
-139
-17
21
9
73
45
-6
-23
86
117
11
-5
29
94
72
24
80
42
10
12
20
36
84
92
39
53
-9
-109
-99
-77
-114
-143
-159
-166
-202
-139
-159
-164
-47
20
48
9
-35
7
112
170
178
165
145
180
277
326
300
304
302
229
207
203
224
199
99
133
174
93
50
199
251
125
148
148
146
181
153
198
221
183
120
155
265
292
314
325
244
194
260
357
301
313
370
308
321
345
407
413
417
415
443
403
418
460
432
407
269
244
273
294
296
348
297
220
213
244
333
301
224
350
405
305
224
226
324
338
328
324
357
310
350
325
213
229
251
277
283
316
321
306
264
223
242
322
339
337
354
280
240
243
302
361
292
324
414
314
201
288
259
189
268
194
89
63
107
197
175
111
84
89
110
89
103
159
152
89
104
82
37
53
97
62
-17
-42
-3
-35
-94
15
-1
-52
-23
45
-24
-87
-67
-94
-178
-255
-264
-265
-258
-332
-316
-306
-353
-286
-239
-289
-275
-280
-300
-282
-187
-78
-172
-253
-199
-242
-274
-258
-248
-272
-287
-203
-235
-229
-241
-263
-212
-156
-110
-144
-169
-159
-108
-86
-131
-105
-142
-293
-292
-177
-220
-286
-189
-166
-269
-273
-246
-236
-198
-199
-156
-231
-251
-205
-183
-137
-145
-136
-168
-169
-187
-195
-192
-192
-147
-105
-96
-114
-123
-114
-115
-181
-230
-228
-214
-205
-265
-262
-205
-112
-92
-87
-141
-317
-263
-174
-182
-185
-96
-118
-198
-200
-93
-114
-138
-30
-36
-69
-110
-59
-150
-229
-174
-188
-220
-178
-128
-154
-194
-222
-214
-171
-179
-131
-69
-76
-158
-186
-139
-45
39
-17
-91
-99
-21
-5
8
-5
-20
-66
-11
75
44
-9
-9
31
43
45
10
109
95
8
46
158
106
67
49
-25
-64
-142
-131
-70
21
-30
-1
31
19
25
82
100
83
94
4
2
35
-6
-38
4
-19
-17
2
69
64
62
118
183
181
69
7
41
111
98
136
160
119
74
119
124
104
114
178
237
187
258
339
338
368
454
510
476
408
368
388
379
401
359
273
297
331
343
361
327
191
177
188
233
254
190
202
185
152
214
285
311
249
270
284
253
303
338
299
211
271
335
371
337
285
239
227
209
179
128
74
23
-95
-121
-79
-25
28
31
15
4
56
105
86
92
8
-32
-26
30
50
42
38
34
-36
-111
-103
-86
1
-16
-80
-93
-41
-18
52
74
142
144
149
193
192
186
148
158
128
126
75
34
-25
-13
-13
-28
-83
-47
-10
2
-12
-105
-69
-7
43
-28
-78
-76
-77
-91
-57
-46
-170
-170
-145
-204
-217
-251
-201
-233
-255
-232
-268
-272
-244
-139
-109
-164
-254
-334
-273
-223
-231
-232
-243
-297
-423
-402
-372
-393
-374
-330
-395
-440
-429
-443
-342
-246
-213
-284
-293
-218
-162
-121
-129
-166
-184
-219
-237
-230
-221
-220
-242
-206
-284
-293
-226
-239
-225
-258
-239
-198
-178
-175
-153
-181
-252
-268
-256
-202
-134
-141
-227
-208
-252
-300
-205
-196
-228
-282
-279
-226
-257
-278
-278
-265
-320
-353
-318
-291
-282
-291
-331
-305
-249
-306
-225
-114
-72
-123
-176
-144
-185
-199
-139
-47
-53
-107
-71
-30
-35
-11
-13
-25
-3
5
13
-5
-15
33
-10
-14
-23
-5
-40
-31
57
38
43
36
79
16
42
159
180
177
182
129
101
109
179
180
150
150
125
145
212
244
186
185
195
165
128
156
193
214
180
197
163
112
132
124
167
154
104
97
95
119
121
61
56
100
122
153
224
267
233
263
252
264
302
295
272
217
280
263
212
220
281
262
188
226
275
205
153
242
253
175
172
190
166
156
238
236
204
238
244
220
210
334
395
437
392
367
321
271
286
315
370
354
294
334
346
284
329
311
370
317
310
347
250
277
340
346
356
299
315
347
315
296
269
292
223
186
211
218
251
299
356
379
302
332
353
340
298
266
220
225
255
219
205
129
114
106
99
40
15
20
2
24
79
90
117
49
-2
38
25
3
-47
-67
-113
-76
-45
-86
-92
-8
23
14
30
-42
-23
-12
3
95
31
-40
-6
25
47
49
-5
7
4
14
54
30
66
76
107
71
9
-35
-8
73
76
82
92
98
104
69
70
60
26
32
45
0
-65
-81
-78
-61
-101
-72
-49
-103
-72
-28
-115
-75
-23
-76
-133
-192
-207
-180
-196
-244
-257
-267
-217
-209
-235
-224
-200
-206
-185
-197
-124
-126
-100
-80
-104
-132
-179
-159
-163
-59
-27
-140
-239
-199
-219
-194
-129
-81
-114
-105
-132
-114
-15
-41
-30
-57
-39
-71
-100
-89
-54
-119
-162
-108
-111
-131
-128
-149
-189
-218
-282
-330
-334
-345
-360
-398
-424
-413
-368
-405
-364
-297
-342
-251
-188
-176
-219
-193
-234
-214
-186
-129
-112
-149
-123
-92
-85
-117
-35
-41
17
-1
-43
-9
8
0
10
44
107
113
74
36
40
116
133
150
125
89
136
179
141
143
145
121
153
173
207
158
163
256
257
305
370
360
296
296
300
307
281
297
296
267
228
210
177
146
133
139
121
87
167
175
202
221
231
196
157
203
237
227
206
148
225
264
219
259
263
242
205
227
144
96
129
192
181
193
196
99
144
129
106
43
43
63
17
78
84
73
75
39
22
4
-31
-46
17
14
10
-18
-46
-40
-83
-46
-8
2
-80
-66
-12
-6
-24
40
47
-53
-10
-11
40
33
-17
19
51
106
180
185
139
53
115
199
138
62
52
163
194
99
107
212
205
211
178
131
131
151
218
223
149
113
156
169
250
237
134
88
80
107
25
44
111
75
21
20
4
-2
11
20
96
104
76
10
-56
-50
-2
38
47
4
22
60
12
11
-40
-41
-64
-83
-35
-44
-30
59
165
115
91
78
118
67
125
186
115
53
39
125
110
145
36
13
39
15
2
-54
-15
63
65
35
60
48
40
25
22
94
89
64
70
39
86
69
87
128
192
131
117
191
101
125
137
159
125
116
88
120
157
135
59
-44
-40
12
73
14
28
12
-22
-52
-19
-10
-50
-33
25
-8
-50
-19
27
15
34
77
-38
-76
-63
-62
-87
-52
-35
-52
-75
-52
-83
-160
-189
-167
-149
-130
-158
-237
-209
-189
-158
-145
-135
-211
-258
-228
-182
-230
-176
-68
-143
-191
-219
-244
-250
-192
-121
-183
-273
-286
-251
-165
-160
-243
-266
-260
-261
-200
-152
-147
-144
-106
-120
-161
-137
-98
-49
-8
-32
-81
-108
-123
-112
-124
-180
-137
-137
-192
-181
-221
-223
-228
-145
-152
-176
-186
-164
-80
-189
-226
-136
-83
-74
8
46
48
32
-13
-35
32
42
26
35
12
12
27
63
18
1
70
67
44
79
52
123
69
-13
21
33
26
0
71
-2
35
72
36
75
54
51
43
43
42
85
48
56
97
68
64
137
166
142
144
147
158
169
142
123
137
73
106
187
206
123
127
147
45
114
176
152
174
247
239
206
301
326
301
274
226
215
291
385
365
302
254
278
325
393
499
498
437
413
440
502
470
423
452
419
357
374
378
371
385
430
416
393
344
291
315
405
357
238
314
345
328
341
346
304
211
209
295
245
247
240
265
235
223
229
181
228
197
199
186
189
162
187
205
228
196
89
125
123
125
164
143
112
53
87
66
108
158
148
166
136
161
130
179
237
262
254
200
220
275
242
188
204
230
131
99
74
76
140
118
117
85
65
13
38
50
101
90
-2
17
-18
-44
-49
-36
-5
-19
-89
-115
-117
-93
-93
-71
-84
-191
-186
-191
-216
-203
-159
-154
-121
-108
-172
-190
-133
-103
-146
-133
-119
-71
-18
-129
-37
29
-19
128
147
-22
-70
82
28
96
185
71
93
168
118
132
207
52
-34
30
-6
-13
40
-3
-31
-6
-9
-21
-18
5
-41
-113
-105
-141
-220
-149
-154
-226
-158
-257
-309
-324
-296
-281
-245
-348
-360
-315
-350
-442
-417
-424
-471
-370
-365
-372
-457
-348
-288
-280
-260
-259
-421
-286
-274
-23
-242
-139
-292
-227
-14
-455
-350
-117
202
-388
-153
-124
90
-173
-154
35
-137
46
-153
165
-14
-44
12
151
-26
-102
91
-10
-79
-38
34
61
138
222
-53
-79
144
179
316
115
171
322
198
152
300
345
188
145
333
250
108
256
241
242
249
150
161
234
240
284
253
211
101
107
120
253
284
170
240
286
252
106
119
270
258
178
178
156
201
72
97
150
77
26
-1
140
38
-32
6
85
127
4
115
129
109
21
49
165
202
195
113
186
19
85
120
68
37
43
71
45
65
98
130
98
120
167
232
175
145
153
203
158
200
201
169
153
199
315
289
205
284
226
230
273
230
341
306
273
182
170
173
124
181
197
157
114
98
171
154
209
240
207
109
193
298
211
197
176
135
129
152
166
226
142
154
221
76
37
148
219
153
71
82
32
41
65
190
150
36
40
79
96
95
94
62
48
60
116
69
164
185
207
173
151
125
76
167
147
107
74
102
65
44
84
48
27
7
31
30
-15
81
91
97
130
133
81
53
81
68
155
150
113
92
41
85
81
24
41
43
45
-1
13
0
-1
-75
-97
-153
-187
-149
-168
-180
-201
-172
-190
-109
-185
-155
-111
-158
-229
-192
-189
-237
-194
-187
-185
-212
-206
-222
-177
-266
-216
-139
-143
-140
-134
-118
-151
-151
-189
-158
-150
-157
-180
-186
-202
-248
-293
-340
-299
-253
-232
-252
-266
-231
-200
-250
-234
-228
-214
-191
-228
-289
-354
-340
-348
-354
-368
-385
-379
-356
-403
-425
-423
-458
-416
-396
-386
-365
-404
-405
-340
-319
-282
-311
-333
-287
-300
-300
-293
-222
-273
-272
-249
-277
-249
-279
-238
-304
-353
-388
-384
-342
-295
-236
-286
-357
-362
-319
-358
-327
-256
-251
-317
-285
-243
-265
-259
-198
-182
-264
-214
-223
-166
-117
-159
-196
-205
-172
-164
-154
-135
-64
-73
-63
-67
-127
-77
-23
-27
-44
-54
-56
-99
-83
-73
-78
-70
-54
-55
-143
-163
-196
-237
-172
-128
-213
-253
-239
-253
-221
-210
-223
-265
-231
-209
-179
-125
-153
-92
-99
-89
-60
-45
-10
3
38
36
4
-1
7
-31
-115
-158
-95
-91
-119
-93
-101
-176
-227
-241
-184
-217
-292
-295
-298
-280
-224
-114
-99
-124
-91
-86
-113
-119
-83
-49
-135
-139
-82
-68
-66
-128
-137
-125
-153
-154
-127
-161
-157
-129
-92
-55
-78
-67
8
25
9
-29
-52
-1
24
65
109
203
162
62
75
125
116
126
195
207
188
169
182
233
248
274
315
320
365
317
262
254
187
156
177
95
90
66
74
84
48
75
14
28
38
29
12
-6
-20
-38
-47
-9
-24
44
61
45
36
-35
14
30
40
98
66
35
124
102
69
114
121
32
70
35
13
4
-73
-14
12
19
-91
-78
-41
6
-3
-67
-62
-43
-51
-12
40
-30
-102
-140
-115
-87
-108
-161
-144
-149
-188
-213
-193
-156
-210
-206
-160
-200
-216
-207
-169
-125
-90
-126
-151
-139
-166
-160
-163
-153
-173
-167
-148
-147
-149
-171
-133
-65
-67
-86
-162
-206
-159
-198
-204
-246
-237
-180
-210
-142
-119
-182
-231
-203
-109
-58
-122
-123
-67
-95
-96
-104
-115
-169
-184
-182
-182
-184
-236
-205
-183
-225
-266
-290
-272
-309
-370
-322
-250
-287
-371
-356
-331
-374
-419
-397
-401
-418
-373
-334
-315
-377
-422
-388
-397
-432
-399
-407
-464
-408
-342
-346
-371
-321
-349
-426
-422
-451
-410
-353
-323
-319
-350
-387
-399
-355
-306
-349
-382
-391
-387
-338
-316
-310
-328
-307
-291
-347
-357
-359
-346
-278
-281
-314
-302
-224
-226
-244
-217
-214
-237
-253
-211
-216
-201
-177
-194
-224
-229
-233
-218
-159
-106
-145
-193
-157
-126
-115
-117
-127
-125
-76
-126
-161
-128
-67
-6
-22
41
47
-7
8
-30
-55
-85
-79
-56
-105
-147
-131
-122
-167
-147
-162
-163
-148
-117
-55
-77
-85
-85
-69
-60
-102
-90
-52
-32
-17
-19
30
22
-54
-25
-21
-16
21
-46
-9
-61
-114
-92
-80
-40
-58
-18
20
-17
-72
2
32
7
5
21
42
10
-18
32
27
-56
-62
-53
-35
-25
1
42
46
58
32
44
89
80
82
58
43
22
16
59
67
67
79
82
42
-13
33
61
40
-6
20
-13
21
79
38
16
9
57
33
66
83
91
25
-24
-20
-16
-11
-34
-10
-64
-92
-104
-152
-177
-151
-199
-262
-273
-262
-227
-276
-251
-209
-247
-273
-303
-238
-213
-271
-261
-232
-211
-251
-179
-197
-262
-297
-303
-262
-250
-224
-233
-201
-260
-243
-244
-233
-253
-241
-254
-266
-241
-252
-196
-165
-109
-177
-205
-168
-148
-138
-54
-27
-47
-50
-112
-92
-90
-116
-122
-128
-135
-136
-111
-130
-81
-51
-98
-92
-103
-130
-148
-77
-79
-80
-54
-37
-41
-72
-45
-93
-161
-209
-220
-238
-254
-238
-221
-203
-262
-234
-191
-203
-239
-180
-167
-225
-246
-223
-201
-268
-208
-212
-231
-287
-271
-204
-224
-250
-242
-243
-247
-246
-270
-254
-280
-292
-328
-303
-262
-286
-286
-223
-202
-260
-249
-242
-237
-164
-184
-185
-198
-161
-171
-238
-205
-207
-185
-175
-149
-133
-150
-107
-100
-91
-116
-109
-80
-63
-80
-180
-156
-123
-96
-122
-158
-159
-81
-49
-79
-75
-86
-99
-112
-128
-110
-99
-104
-72
-135
-113
-59
-59
-78
-28
22
20
-10
3
28
27
35
22
37
28
23
5
44
7
-2
16
15
33
-7
-7
-37
-58
-70
-44
-43
-17
9
42
40
-14
-34
-44
-44
-42
-1
3
-32
-42
-35
-43
-25
-47
-21
9
28
8
28
66
56
108
87
45
36
27
51
75
113
109
95
110
144
168
114
136
102
116
140
81
89
87
104
109
117
166
155
117
144
157
194
222
194
190
178
156
124
142
138
90
91
106
110
93
108
137
158
136
161
174
187
152
179
239
285
290
255
277
213
309
310
331
344
283
345
373
363
353
383
359
338
331
360
361
309
316
275
230
266
257
274
303
308
330
288
269
236
201
228
202
211
222
226
241
207
194
155
129
100
79
113
63
54
101
129
136
143
112
60
103
78
112
101
85
75
24
91
54
64
82
62
90
74
67
62
83
103
120
121
99
152
108
87
102
98
107
106
83
76
127
109
73
20
26
35
59
35
51
53
31
54
84
62
50
31
-12
68
61
76
33
63
94
105
108
104
125
98
117
140
152
66
60
59
35
1
-12
-23
-54
-18
-38
-10
6
19
-2
5
-11
-9
53
32
14
-6
27
36
59
48
69
70
66
81
67
7
-43
-23
-42
-55
-97
-152
-150
-165
-164
-126
-147
-159
-193
-136
-107
-134
-153
-175
-145
-199
-213
-193
-146
-155
-221
-235
-219
-190
-217
-168
-156
-193
-160
-138
-151
-176
-152
-130
-171
-174
-182
-181
-182
-196
-192
-191
-163
-125
-135
-179
-166
-183
-174
-149
-136
-142
-168
-123
-117
-117
-107
-161
-123
-130
-92
-109
-107
-25
-33
-23
-4
-19
-22
-30
-46
-10
-16
-20
-46
29
47
36
45
69
70
58
83
60
51
56
64
78
115
99
89
129
108
92
105
63
122
143
125
100
139
118
92
123
121
136
101
143
149
162
110
117
154
116
117
113
81
67
121
148
174
153
207
229
178
181
169
213
179
140
125
138
147
72
37
25
47
51
51
30
1
-3
3
1
-25
-22
-35
7
26
-18
-27
3
43
48
24
27
40
-8
79
81
110
128
84
103
124
107
73
147
112
124
139
145
133
111
89
105
152
127
112
109
153
160
169
198
166
226
269
232
246
240
171
176
214
168
173
199
202
205
216
193
168
182
190
168
144
158
144
120
118
107
118
87
111
106
125
60
30
75
9
32
-20
-13
-33
-25
-42
-23
-15
-81
-29
-20
-43
-29
-13
-37
1
-2
-6
-41
-26
-21
-51
15
-6
-18
-2
-12
19
-24
-6
-25
-43
-1
-48
-40
-29
-16
-24
-10
-1
-29
-36
-27
-37
-18
-16
-11
-16
-23
5
-30
-29
-51
-40
14
-8
-10
-55
-73
-73
-75
-33
-34
-51
-99
-101
-98
-96
-93
-106
-91
-91
-79
-27
-67
-32
-23
-2
2
-49
-87
-119
-73
-88
-101
-116
-60
-38
-10
5
38
17
47
-28
25
60
20
66
48
96
61
-135
-194
205
429
471
107
-181
-365
-357
48
253
385
264
100
46
-18
29
133
89
24
-11
91
262
289
109
-7
-111
-139
27
19
-92
-230
-212
-163
-105
23
35
-72
-152
-225
-206
-143
-130
-35
6
9
38
35
-21
-111
-104
-64
-119
-49
68
134
42
6
8
-19
43
138
86
7
72
103
125
117
134
11
45
84
99
100
75
57
30
142
85
138
180
127
147
138
133
108
144
241
219
165
174
171
89
86
97
69
96
119
130
105
90
97
119
111
127
141
188
235
237
241
270
279
291
301
303
285
271
272
275
302
252
259
311
309
296
328
294
258
271
279
291
266
294
307
263
218
256
310
279
338
333
319
277
270
266
226
290
219
255
260
279
264
209
232
198
251
308
293
216
261
271
284
315
283
318
314
313
321
319
336
306
293
320
283
243
247
255
270
301
264
271
321
332
277
260
276
269
285
320
353
350
368
372
373
350
324
328
340
288
313
290
278
332
307
287
254
267
288
301
256
232
199
196
192
161
147
111
98
110
143
134
109
126
116
104
178
209
193
199
185
155
157
179
184
204
186
164
187
168
185
194
176
107
70
74
76
135
121
87
108
113
76
69
78
23
3
53
47
45
54
9
1
34
17
-21
-36
-41
-39
-21
-49
-13
-4
-27
16
42
-1
-38
2
-6
40
48
66
113
65
24
88
111
106
111
60
102
94
125
102
46
77
79
21
4
10
6
-2
-37
7
-50
-83
-44
-32
-6
15
-44
-5
-25
-72
-40
-47
-69
-63
-26
-17
-32
-38
-31
-97
-52
-94
-80
-53
-78
-73
-127
-107
-161
-156
-109
-120
-103
-71
-73
-111
-92
-12
-11
-10
-21
-21
-15
-42
-51
-45
-32
-100
-127
-138
-112
-88
-127
-181
-160
-149
-173
-192
-176
-95
-108
-121
-131
-111
-125
-123
-46
-55
-22
8
-26
-3
-31
-49
-34
-31
20
16
-2
-23
-28
-8
51
-22
-54
26
-41
25
21
-12
7
-19
33
74
112
104
79
135
195
197
235
212
201
223
244
266
259
219
211
222
162
152
141
139
134
155
176
89
89
133
133
161
145
140
179
203
200
200
158
150
157
155
127
113
90
107
116
77
139
74
112
122
64
93
76
105
79
87
90
61
137
123
136
131
137
180
206
226
176
218
237
230
222
240
166
156
159
155
189
188
219
198
206
207
229
218
235
273
221
202
165
185
228
173
142
139
134
63
78
82
119
122
51
103
115
102
89
134
153
160
160
95
106
145
172
130
120
106
67
112
150
138
116
129
104
123
160
160
210
225
231
257
293
283
244
283
263
228
191
224
239
191
229
185
134
134
165
142
117
100
73
73
44
84
71
27
16
-38
-24
-36
-75
-6
-23
-59
-52
-83
-86
-40
-37
-43
-13
-27
-13
-8
32
21
31
-10
-79
12
-1
-9
26
11
-10
-45
-59
-68
-24
-30
-52
-15
-71
-56
8
-19
-12
-30
-62
-31
-28
-18
-17
28
28
67
85
81
64
58
69
58
93
36
-2
-1
6
-8
16
-68
-73
41
-20
-60
1
20
-24
13
-16
-127
-56
-33
-47
-12
-54
-26
19
-27
-33
45
39
29
91
57
62
168
108
115
152
86
84
73
84
109
68
10
46
78
-5
26
19
-70
-68
-111
-134
-92
-122
-235
-209
-199
-245
-203
-213
-254
-264
-256
-282
-226
-224
-235
-216
-243
-267
-269
-214
-220
-238
-229
-209
-257
-212
-133
-142
-122
-55
-104
-116
-66
-145
-94
-64
-109
-89
-120
-123
-70
-105
-134
-85
-104
-168
-149
-89
-87
-66
-33
-63
-80
-45
-37
-29
-38
-40
11
-30
-34
-29
1
63
14
-1
16
-45
-30
-30
-56
-6
29
7
-52
-78
-34
-52
-52
-49
-72
1
-10
-30
32
7
-7
35
33
69
50
109
133
151
113
133
201
212
256
220
194
193
215
209
171
159
176
174
150
106
106
89
108
115
126
171
146
47
46
74
45
51
68
72
60
71
123
129
104
99
93
86
56
96
114
113
170
175
148
93
78
123
134
145
135
188
143
109
156
169
189
150
144
163
169
168
212
279
266
234
230
243
278
301
332
349
331
290
299
317
332
348
314
227
238
244
211
231
233
229
177
138
110
170
135
103
72
71
90
77
98
95
83
5
9
32
-24
-46
-31
-28
5
24
65
36
28
19
56
73
60
72
39
89
78
61
71
50
17
-38
-77
-28
-44
-93
-98
-102
-94
-100
-71
-14
-12
-15
12
27
39
38
43
9
2
-17
3
-20
-55
-65
-76
-92
-132
-103
-107
-114
-136
-112
-123
-119
-45
-24
-53
-75
-115
-91
-46
-83
-44
-51
-81
-53
-37
21
45
78
79
13
-18
-9
47
-17
-68
-91
-97
-89
-125
-127
-120
-108
-144
-156
-163
-164
-147
-163
-188
-241
-223
-190
-225
-229
-258
-211
-186
-217
-165
-166
-189
-189
-186
-137
-163
-247
-240
-257
-276
-229
-234
-229
-198
-167
-167
-155
-126
-192
-120
-162
-200
-207
-236
-216
-241
-174
-190
-185
-202
-193
-189
-186
-215
-209
-143
-179
-196
-200
-220
-222
-214
-225
-237
-252
-257
-226
-209
-232
-212
-213
-219
-230
-237
-174
-163
-164
-105
-65
-46
-71
-67
-41
-38
-101
-97
-60
-107
-73
-33
-15
-46
-69
-47
-29
-29
3
51
6
5
40
-64
-51
43
36
28
16
-1
-24
32
30
55
60
74
149
136
121
118
104
148
173
149
171
169
122
86
74
69
111
63
52
124
155
82
33
91
50
101
150
138
92
87
150
137
110
107
131
121
83
76
99
115
147
155
110
129
142
211
270
250
228
187
238
185
207
250
257
215
212
238
168
199
216
226
247
231
267
357
305
366
348
335
349
327
385
377
423
419
387
370
378
348
344
302
245
202
180
200
179
171
140
152
226
283
276
240
249
242
227
309
337
309
315
278
268
262
266
228
192
237
223
151
169
188
133
129
141
127
106
154
132
146
129
117
147
108
113
102
92
107
151
101
77
98
91
78
114
121
65
92
143
169
166
163
119
77
59
88
106
80
26
-1
43
38
28
57
72
45
22
-1
35
52
12
21
53
45
64
88
59
-3
9
49
-11
-56
-14
-45
-72
-13
-74
-53
-84
-119
-104
-82
-56
-52
-97
-133
-72
-97
-92
-121
-121
-109
-124
-99
-81
-45
-11
-69
-26
25
25
9
15
38
-14
-34
7
35
0
-64
-48
-31
-79
-40
-60
-38
-22
-17
-8
-8
-65
-27
53
-2
-35
-28
-75
-135
-57
-47
-73
-78
-98
-134
-134
-157
-240
-176
-136
-195
-205
-225
-265
-311
-280
-274
-295
-272
-283
-252
-284
-320
-316
-282
-290
-345
-269
-283
-264
-281
-307
-261
-267
-265
-238
-195
-203
-178
-167
-140
-131
-83
-63
-82
-65
-121
-107
-105
-123
-82
-68
-92
-32
4
39
11
-62
-26
-46
-54
-33
7
2
-32
-37
16
-1
-4
11
20
18
32
36
-12
-35
-55
-35
-55
-87
-95
-46
-84
-62
-77
-52
-38
-64
-22
-29
-23
-18
28
22
15
19
53
63
105
150
110
117
157
196
253
211
189
223
203
159
152
125
99
41
19
27
29
58
-29
-7
-20
-31
-6
-42
-28
-13
45
40
19
33
11
18
48
80
40
33
17
26
9
12
48
40
32
18
4
5
82
37
40
24
8
5
17
60
38
15
20
-18
-8
70
66
33
37
73
81
100
132
199
128
78
70
65
112
115
162
166
160
202
231
199
187
200
185
231
231
213
232
211
243
247
224
191
194
251
240
219
171
133
118
115
152
159
162
100
73
131
139
124
142
118
97
118
90
65
47
34
29
0
15
74
13
5
16
-8
5
4
-15
-3
20
12
-38
-40
4
22
16
22
47
45
47
8
35
-26
-25
-47
-41
-34
-27
56
63
140
179
184
234
302
244
213
198
126
142
177
123
94
107
119
127
150
114
98
96
23
-55
-101
-107
-109
-99
-55
-40
-8
9
-36
34
83
82
82
104
99
152
144
132
158
123
81
89
182
215
216
191
106
93
39
-39
-22
-55
-99
-209
-177
-132
-144
-134
-77
-107
-177
-139
-134
-77
-89
-76
-82
-104
-99
-67
-22
-53
-44
-50
-126
-150
-165
-157
-166
-171
-112
-180
-224
-276
-247
-205
-237
-290
-350
-357
-355
-310
-357
-351
-307
-288
-307
-316
-254
-186
-160
-153
-156
-187
-204
-118
-90
-123
-164
-179
-142
-184
-164
-191
-233
-290
-292
-277
-298
-299
-297
-254
-233
-207
-171
-81
-42
-51
-81
-61
-55
-56
-18
0
56
41
34
58
34
51
104
150
170
125
142
158
188
199
161
172
141
152
167
152
150
123
64
100
114
100
144
173
153
110
96
123
127
103
131
105
131
139
125
137
173
149
189
185
122
99
74
99
109
103
43
103
138
152
141
180
137
145
177
163
198
163
187
159
108
145
163
177
148
96
74
41
109
34
33
35
43
31
12
-2
-47
-66
-59
-43
-76
-43
-44
1
23
-7
-14
45
58
107
125
90
90
95
133
183
186
178
233
221
205
277
294
281
211
196
239
233
252
267
269
300
358
333
329
314
308
317
338
309
249
304
302
296
335
326
290
270
305
298
241
244
249
212
206
202
147
64
121
92
95
118
57
52
70
92
11
-11
-7
45
12
46
53
29
50
44
93
68
94
86
78
68
69
91
60
30
10
45
45
54
63
38
84
90
68
91
64
34
-3
47
85
34
32
12
18
-18
16
53
45
27
7
13
33
35
-22
-10
30
70
4
-73
-73
-63
-85
-79
-43
-74
-108
-90
-149
-189
-166
-158
-130
-152
-154
-114
-116
-137
-149
-115
-125
-141
-150
-173
-130
-113
-120
-128
-71
-85
-122
-103
-96
-103
-138
-121
-110
-115
-150
-169
-135
-135
-128
-112
-49
-6
-16
0
28
57
59
27
50
84
42
49
41
73
16
4
35
-30
-24
-41
-55
-100
-141
-162
-149
-146
-170
-200
-173
-178
-142
-98
-160
-133
-153
-149
-135
-147
-98
-102
-122
-155
-179
-197
-187
-174
-187
-139
-162
-132
-131
-132
-76
-66
-58
-89
-69
-52
-45
-61
-84
-95
-116
-153
-159
-137
-89
-74
-92
-73
-99
-116
-84
-54
-63
-26
24
41
93
76
81
123
135
140
67
75
65
27
82
30
-22
-10
-37
8
-6
-29
-19
-45
-60
-43
8
8
18
-16
18
46
62
84
92
95
126
165
147
121
78
85
81
57
44
57
8
30
26
40
96
89
74
81
100
87
87
73
93
77
57
47
91
67
23
53
51
120
144
113
90
94
82
77
43
19
101
129
119
103
101
111
123
171
93
79
120
91
145
118
100
107
108
81
92
81
102
120
87
153
99
141
119
112
99
122
156
159
188
122
139
160
201
225
235
215
209
193
222
216
163
150
173
172
164
165
158
146
129
130
118
98
101
97
102
120
107
90
97
123
113
115
147
116
71
138
129
161
126
65
83
94
81
9
59
58
15
85
64
34
48
37
57
46
68
6
-43
-13
40
6
-25
21
-26
-33
-62
-21
23
-18
1
-22
20
-9
-48
-48
-58
-28
-58
-38
-45
-26
-29
-29
-53
-66
-81
-97
-75
-97
-119
-135
-91
-124
-116
-126
-102
-75
-62
-45
-26
19
19
-16
-16
-33
-31
10
-26
0
-31
17
-15
-27
4
-17
38
50
-7
-43
-22
-54
-40
-8
-25
-30
-46
-53
-59
-89
-42
-54
-44
-71
-21
-56
-72
-22
-13
9
-56
9
-14
-27
-42
-63
-33
-31
-49
-71
-43
-61
-48
-11
-13
7
-21
-34
-41
-12
15
-11
-48
-57
-42
-27
-20
-69
-92
-93
-104
-114
-131
-156
-113
-110
-136
-112
-119
-112
-94
-91
-115
-97
-98
-103
-75
-51
-43
-103
-98
-98
-125
-100
-71
-92
-49
-54
-88
-69
-62
-53
-46
-26
-50
-29
-47
0
9
-11
2
-19
9
-3
-15
-36
-9
-32
-25
-13
-40
17
-42
-42
2
-36
19
12
57
90
38
39
33
28
-15
-15
-2
-12
-28
-63
-35
-20
3
31
18
43
21
27
21
-3
-38
-63
-40
-37
-17
40
46
33
27
4
15
44
56
64
85
108
159
126
139
169
175
204
168
136
84
76
120
80
135
95
73
90
8
32
17
54
46
62
93
103
107
69
75
60
69
88
82
48
36
94
70
82
114
111
115
83
69
88
108
98
111
110
118
90
71
97
95
64
55
50
48
88
140
137
168
203
188
217
205
201
201
203
211
247
278
297
319
273
260
285
258
242
188
177
143
121
128
101
122
110
81
89
136
115
106
122
116
107
75
58
68
87
96
63
60
26
12
37
3
-25
1
30
47
41
27
12
25
6
22
34
-13
56
16
46
-39
-88
-84
-96
-96
-133
-76
-94
-66
-62
-40
-82
-39
-39
-85
-36
-73
-64
-36
-38
-47
-35
-17
-28
-36
10
39
6
11
11
-16
-1
-14
-13
-22
-43
-76
-73
-75
-93
-88
-93
-113
-65
-37
-90
-87
-113
-92
-102
-84
-69
-20
-23
-45
-8
-6
27
13
15
-9
-30
-15
-26
-40
-29
-1
23
-9
-28
-39
-72
-17
-24
-39
9
-20
-6
-27
-56
-54
-107
-94
-82
-86
-123
-215
-217
-184
-194
-183
-189
-236
-191
-146
-128
-95
-117
-156
-144
-148
-123
-125
-137
-107
-137
-142
-143
-109
-140
-179
-157
-152
-147
-120
-136
-139
-133
-177
-180
-181
-149
-108
-129
-103
-133
-148
-134
-119
-84
-136
-120
-93
-47
-50
-54
-52
-46
-88
-96
-95
-117
-70
-67
-53
-81
-67
-57
-46
-36
-27
-16
-3
69
63
62
37
57
87
87
110
75
73
35
43
69
45
56
51
42
69
39
88
90
82
87
90
115
87
91
90
120
78
93
78
80
67
28
35
94
93
121
123
100
83
63
135
149
193
201
244
212
242
215
235
197
176
196
164
197
213
218
209
199
180
234
210
221
189
224
239
188
176
162
167
183
149
185
176
155
169
160
165
113
107
120
148
118
127
162
182
177
180
211
220
186
183
192
216
215
205
176
189
213
219
270
240
270
244
253
271
214
240
259
212
205
228
250
212
200
199
177
209
217
218
227
188
194
239
226
206
178
208
218
231
225
243
259
261
253
240
254
254
290
296
247
218
214
204
229
181
159
172
163
154
133
170
186
174
197
160
144
183
179
174
147
123
131
111
108
108
55
58
38
-19
-43
-39
-20
-10
10
-12
-23
-11
-13
-33
-28
-48
-100
-118
-124
-56
-42
-69
-48
-66
-44
-69
-100
-76
-61
-53
-86
-40
-55
-75
-42
-72
-103
-143
-147
-130
-78
-126
-114
-119
-167
-135
-162
-112
-118
-85
-71
-103
-76
-70
-37
-50
-95
-73
-81
-92
-89
-107
-94
-95
-90
-133
-125
-129
-126
-111
-111
-76
-78
-64
-38
-49
-93
-102
-103
-64
-67
-103
-108
-162
-209
-196
-223
-224
-196
-199
-195
-192
-197
-178
-203
-257
-243
-271
-264
-275
-263
-250
-241
-223
-218
-201
-180
-150
-145
-123
-130
-180
-184
-124
-110
-101
-91
-76
-84
-84
-107
-119
-67
-52
-64
-44
-69
-78
-100
-124
-122
-146
-107
-59
-46
-78
-27
-27
10
46
25
5
-16
-12
-23
0
-24
-12
-50
-62
-32
-8
5
0
0
11
19
52
54
13
49
67
71
33
40
14
24
67
65
47
18
45
50
38
21
4
3
9
9
44
31
23
46
63
57
35
31
69
86
14
-22
34
14
0
51
38
83
78
84
107
56
55
72
76
59
4
-43
26
66
55
60
40
30
38
72
60
39
16
9
14
-12
5
22
2
30
54
11
11
64
88
53
44
68
67
75
99
79
102
143
134
164
146
155
188
195
187
186
169
161
178
185
227
193
212
227
228
208
186
214
234
239
199
217
184
166
170
177
174
185
185
178
190
184
183
160
193
184
200
199
217
241
241
279
265
283
289
276
250
252
261
223
202
182
178
186
154
172
209
165
101
93
108
77
110
120
98
125
93
77
73
104
91
54
71
46
51
25
-36
-36
-51
-76
-49
-68
-114
-108
-89
-77
-103
-86
-35
-42
-60
-51
-35
-23
-53
-98
-120
-125
-95
-90
-77
-44
-42
2
10
-24
-25
-58
-75
-75
-66
-66
-76
-102
-135
-125
-107
-147
-122
-114
-128
-131
-171
-159
-144
-172
-144
-120
-119
-54
-52
-32
-45
-60
-83
-32
-4
-8
14
-30
-7
-18
13
-5
-32
-13
16
-33
-78
-39
-39
-1
-27
-10
21
0
-30
-42
-25
-57
-72
-36
-69
-99
-73
-65
-99
-104
-80
-126
-136
-143
-146
-110
-109
-80
-52
-97
-178
-163
-112
-139
-115
-151
-181
-142
-161
-132
-72
-121
-166
-166
-167
-133
-194
-271
-250
-230
-242
-226
-228
-197
-200
-213
-210
-226
-240
-241
-225
-232
-254
-253
-229
-228
-187
-208
-186
-191
-208
-176
-176
-142
-156
-132
-151
-162
-113
-113
-121
-97
-154
-134
-59
-97
-87
-102
-115
-81
-55
-31
-40
-36
11
24
27
44
88
77
51
50
52
37
25
30
-24
-23
-52
-35
-62
-69
5
-2
30
10
25
18
-13
-32
-71
-84
-100
-83
-78
-98
-71
-37
-42
-12
-5
29
27
69
-15
-45
-14
-37
-12
-61
-19
-7
-29
-47
-35
-49
-4
-57
-64
-70
-59
-37
-131
-105
-117
-121
-135
-187
-159
-89
-63
-29
-59
-62
-27
-29
-31
-32
-43
-88
-29
-8
-55
-41
-34
-26
-15
14
10
16
22
11
26
19
22
-18
-19
-10
1
9
17
32
37
45
39
96
69
61
52
57
37
63
70
79
109
76
74
71
74
50
49
78
104
29
31
10
-10
-22
-8
6
-2
16
22
22
-23
-35
-44
-52
-41
-45
-58
-35
-44
-37
-16
-23
-27
13
14
-35
-22
-61
-62
-64
-101
-113
-119
-116
-168
-164
-160
-138
-105
-100
-118
-103
-102
-107
-106
-106
-104
-107
-99
-87
-68
-53
-113
-138
-107
-178
-175
-171
-154
-138
-153
-142
-104
-125
-110
-100
-74
-137
-154
-123
-147
-129
-134
-128
-163
-193
-227
-207
-250
-269
-238
-215
-227
-183
-179
-201
-176
-150
-177
-194
-203
-202
-172
-186
-201
-213
-163
-151
-170
-169
-152
-200
-230
-256
-220
-178
-176
-135
-142
-117
-108
-127
-88
-96
-113
-134
-140
-105
-103
-113
-120
-119
-71
-51
-78
-69
-80
-93
-113
-106
-169
-205
-206
-214
-228
-225
-191
-219
-209
-214
-193
-208
-210
-197
-232
-211
-191
-234
-209
-237
-248
-198
-212
-190
-167
-151
-171
-118
-96
-127
-131
-134
-117
-110
-87
-108
-115
-94
-122
-110
-89
-85
-101
-46
-27
-78
-57
-4
7
-42
-24
-34
6
2
-46
-9
-42
-28
6
-5
-1
20
6
14
29
35
68
68
109
113
92
48
51
89
71
28
13
28
-2
-13
23
31
46
59
52
44
25
23
57
79
33
45
39
55
28
20
28
14
33
14
8
-6
36
40
76
53
37
66
13
15
15
30
7
4
22
0
13
19
-29
-29
31
5
26
15
17
79
32
54
60
47
67
64
1
-32
-23
-24
-25
-30
22
14
33
21
-5
-14
-40
-41
-41
-35
20
7
20
43
42
110
84
131
139
142
136
109
101
131
147
144
149
146
109
117
137
112
111
120
112
95
157
136
126
117
176
165
128
101
70
96
129
140
119
152
171
168
180
155
163
163
130
151
55
53
48
53
63
54
87
31
70
99
15
14
15
0
25
-5
-12
7
13
-17
1
-4
-10
26
-15
-17
-40
-48
-90
-74
-37
-62
-35
-61
-31
-52
-41
-42
-75
-95
-77
-90
-97
-84
-120
-94
-90
-111
-114
-99
-136
-124
-150
-160
-185
-210
-172
-193
-152
-80
-64
-93
-131
-134
-159
-137
-140
-166
-170
-125
-127
-156
-181
-210
-168
-184
-158
-208
-168
-165
-179
-182
-212
-198
-213
-197
-162
-177
-179
-143
-185
-194
-209
-156
-194
-168
-161
-217
-163
-137
-137
-145
-160
-188
-153
-117
-110
-153
-163
-173
-201
-189
-217
-247
-233
-232
-189
-195
-215
-162
-159
-198
-176
-152
-185
-200
-226
-234
-225
-220
-241
-282
-264
-342
-407
-408
-413
-331
-295
-178
-112
-138
-164
-158
-171
-240
-258
-259
-308
-338
-280
-269
-290
-244
-230
-269
-257
-271
-225
-213
-238
-240
-177
-197
-213
-194
-161
-89
-73
-102
-152
-136
-102
-117
-144
-147
-191
-172
-185
-149
-103
-73
-83
-130
-106
-85
-128
-149
-146
-148
-169
-170
-126
-124
-146
-136
-98
-145
-152
-96
-80
-94
-83
-80
-66
-51
-34
-80
-33
-63
-106
-61
-64
-28
-16
-23
49
34
-15
39
7
-5
8
49
25
-3
-2
-52
-69
-69
-51
-14
-29
-24
-36
-15
30
29
12
12
-13
-18
-25
-1
47
43
78
63
64
28
45
8
70
78
58
67
51
82
49
108
110
84
128
142
169
201
154
155
188
188
181
182
193
242
217
262
247
213
215
130
141
184
222
240
121
-73
-217
-353
-360
-309
-223
-68
130
203
263
351
369
331
208
133
70
37
83
183
294
337
404
545
531
473
433
402
350
295
267
161
113
165
276
384
384
357
333
323
354
356
308
197
126
27
77
64
82
152
181
204
182
240
175
131
73
86
-8
-26
-15
-5
90
110
132
146
131
126
128
136
149
105
148
85
90
100
125
162
156
165
188
206
165
167
160
130
111
131
94
89
126
99
132
139
101
109
85
75
63
36
-28
21
40
38
10
-10
28
-5
3
-34
-51
-24
-35
-67
-61
-80
-91
-99
-106
-98
-58
-61
-49
-10
-16
32
22
-19
-63
-60
-10
-17
-18
-61
-39
24
34
49
69
72
55
61
38
48
34
43
50
45
89
67
22
63
54
-14
-1
14
-1
-8
16
9
-14
-36
-11
22
3
-7
-15
-66
-66
-63
-64
-49
-101
-78
-74
-68
-80
-77
-45
-36
-61
-79
-51
-68
-51
-86
-73
-78
-77
-57
-84
-80
-83
-84
-68
-56
-60
-7
-11
-25
-40
-75
-42
-38
-54
-39
-13
-47
-41
-17
-6
13
2
-14
-35
-16
-49
-22
-6
-50
-66
-40
-39
-28
-18
-55
-45
-101
-88
-69
-69
-89
-98
-88
-67
-68
-106
-87
-78
-72
-58
-55
-109
-77
-55
-17
-40
-60
-32
-51
-36
-61
-68
-105
-93
-92
-84
-59
-66
-44
-55
-69
-52
-25
-31
-54
-27
-15
-31
-38
-19
-26
-3
-21
-35
-10
-60
-41
-22
35
32
5
-11
-39
-55
-17
-47
-53
2
-42
-40
-46
-8
-53
-54
-75
-40
-18
-4
-18
-30
27
-6
7
-20
10
15
15
-20
0
0
24
83
56
83
78
99
155
138
143
126
108
153
120
130
140
149
158
129
112
102
102
106
94
113
132
190
166
137
146
123
103
49
94
88
122
117
106
80
63
105
67
45
58
34
-4
2
-15
21
-3
23
13
-29
-45
-12
-22
-49
12
-17
23
4
-24
-34
-21
-28
-48
-36
-25
1
-46
-58
-53
-83
-102
-92
-87
-98
-95
-52
-20
-51
-54
-78
-91
-74
-119
-115
-160
-167
-161
-126
-126
-181
-190
-178
-201
-201
-164
-171
-145
-207
-215
-239
-224
-232
-235
-224
-249
-192
-170
-212
-227
-223
-224
-198
-190
-156
-175
-158
-172
-233
-169
-180
-245
-221
-239
-265
-251
-218
-192
-194
-199
-230
-235
-178
-206
-199
-159
-179
-180
-186
-167
-174
-176
-173
-191
-148
-173
-204
-205
-217
-200
-245
-229
-235
-226
-213
-221
-226
-277
-246
-279
-281
-258
-293
-269
-261
-265
-270
-340
-398
-406
-371
-338
-345
-333
-335
-359
-378
-344
-297
-277
-305
-315
-319
-336
-355
-323
-278
-302
-283
-308
-299
-311
-330
-311
-324
-338
-326
-274
-310
-337
-341
-340
-325
-279
-262
-307
-296
-249
-225
-260
-266
-278
-239
-199
-207
-217
-211
-237
-254
-246
-315
-233
-207
-186
-207
-260
-253
-211
-196
-231
-201
-221
-206
-175
-173
-144
-152
-173
-149
-197
-170
-119
-73
-94
-127
-117
-102
-131
-120
-94
-116
-116
-127
-96
-89
-60
-39
-40
-88
-42
-18
-15
-18
-9
35
30
44
51
18
-16
-1
18
8
-21
6
64
58
66
84
46
100
45
6
35
53
88
54
91
93
67
33
64
118
39
50
7
-7
24
-26
14
-23
44
39
-5
24
8
37
63
58
57
60
40
21
21
52
85
126
64
97
88
112
139
119
156
126
134
117
131
166
204
225
208
205
195
190
212
208
209
208
181
164
233
218
190
202
233
264
234
258
252
215
242
221
167
192
202
196
205
194
162
131
162
165
128
165
146
172
153
75
157
160
148
132
61
62
99
70
78
104
52
47
7
49
84
92
103
103
88
81
103
93
105
69
50
61
75
57
67
121
48
40
51
26
47
15
40
64
81
108
88
50
35
2
-26
1
55
23
3
11
35
36
37
45
12
21
-11
1
-33
4
-7
18
55
12
24
-4
17
-2
-11
-26
-22
-55
-64
-29
-49
-18
-22
-48
-49
-12
-21
-22
-49
-51
-28
-34
19
8
-23
-36
-44
-59
-84
-87
-60
-69
-109
-137
-84
-60
-88
-69
-62
-89
-51
-30
-103
-76
-98
-103
-85
-133
-161
-146
-147
-164
-156
-180
-114
-151
-175
-214
-213
-135
-159
-111
-140
-132
-130
-155
-166
-185
-206
-216
-183
-165
-153
-200
-213
-175
-236
-220
-176
-209
-178
-142
-165
-187
-148
-157
-153
-137
-142
-145
-133
-104
-124
-140
-131
-122
-86
-94
-88
-72
-92
-52
-78
-40
-62
-85
-65
-125
-101
-126
-122
-92
-120
-104
-68
-75
-108
-88
-43
-75
-67
-31
-49
-82
-31
-29
-70
-43
-51
-54
-50
-38
-30
-58
-83
-89
-81
-76
-31
-22
-45
-8
-6
-56
-55
0
-12
-24
15
9
27
55
33
47
34
59
107
85
68
80
81
104
134
125
129
135
144
147
116
90
103
136
124
121
115
87
132
173
133
138
136
99
123
135
150
134
170
195
181
150
135
113
111
110
81
111
148
186
187
197
154
181
188
203
222
224
234
214
227
225
226
219
263
268
235
241
232
269
325
293
286
292
274
269
253
242
260
280
240
263
313
278
266
228
249
302
251
271
304
257
258
217
191
208
251
215
187
236
212
216
208
194
150
140
132
113
117
120
82
60
60
96
117
64
76
122
115
113
103
110
119
42
34
84
65
59
89
45
60
35
29
60
33
20
14
-44
4
68
20
16
37
71
44
41
55
45
42
53
19
37
55
15
5
-15
-39
-4
33
7
14
-4
-38
-6
-29
-33
-17
-38
-38
-9
-17
-47
-19
-21
-24
-7
11
-15
-17
2
-22
-38
-24
-28
32
5
-32
50
44
104
46
14
24
8
49
21
47
35
25
28
26
17
43
37
0
32
13
36
45
65
39
21
21
-28
-49
-75
-78
-81
-66
-93
-60
-54
-58
-83
-73
-52
-69
-2
-20
-15
-38
-80
-95
-48
-25
-30
-31
-65
-86
-66
-84
-86
-24
-56
-49
-66
-65
-71
-77
-47
-44
-69
-57
-42
-76
-95
-84
-77
-104
-85
-71
-52
-75
-49
-73
-62
-16
-22
-34
-56
-15
-14
13
-6
-23
-37
-19
-12
-80
-17
8
20
22
-20
-21
-11
-24
1
-15
-16
12
2
-14
-25
44
-13
18
34
45
70
65
71
91
122
128
128
121
134
88
120
94
61
60
64
60
37
28
53
22
60
101
85
89
71
92
102
87
69
97
85
68
54
49
27
45
73
98
112
107
74
91
107
100
58
47
81
98
152
150
162
120
115
91
108
110
103
111
133
140
114
96
90
125
84
91
53
64
113
71
108
120
119
124
114
134
131
144
145
155
163
201
174
209
228
200
213
209
216
200
187
191
207
143
163
209
194
200
235
239
217
268
253
231
235
210
206
206
227
245
255
216
249
231
199
228
196
173
177
142
123
104
78
81
44
27
35
28
11
12
36
45
29
-2
-4
-21
-41
-15
5
66
54
28
39
59
58
66
64
63
29
-9
57
38
-21
-30
-27
-23
-6
-8
-36
-45
-16
5
-19
-27
-22
-31
-1
-13
18
30
36
2
-2
10
12
19
-7
38
10
27
32
-1
-24
-28
-21
-19
-1
-16
-40
-28
-6
-30
-48
-9
-48
-84
-58
-46
-73
-104
-115
-93
-50
-20
-18
-57
-37
-55
-80
-67
-45
-78
-84
-64
-77
-75
-71
-83
-80
-91
-109
-98
-90
-90
-145
-109
-82
-133
-78
-57
-96
-65
-73
-77
-80
-91
-69
-91
-126
-112
-126
-150
-180
-185
-188
-194
-219
-240
-225
-232
-216
-226
-196
-189
-222
-184
-164
-172
-232
-275
-246
-294
-271
-270
-253
-266
-314
-289
-260
-279
-246
-198
-239
-232
-241
-225
-221
-244
-252
-198
-198
-188
-143
-148
-159
-150
-174
-147
-118
-114
-122
-95
-71
-123
-73
-64
-79
-68
-65
-82
-89
-84
-50
-34
-18
0
5
-36
1
14
0
22
2
11
-11
-8
26
45
13
29
-23
7
38
-2
-15
7
24
22
49
7
27
16
57
66
46
74
31
27
36
75
48
57
38
67
86
38
71
44
74
78
58
34
23
49
43
24
38
59
141
176
191
175
134
130
158
205
183
177
140
158
143
150
175
215
212
198
218
188
226
219
214
170
190
174
155
203
160
152
115
158
173
180
211
212
245
207
207
191
189
216
244
185
168
154
156
237
210
209
187
191
205
193
168
142
126
176
133
152
212
202
241
175
187
231
222
233
258
238
209
184
174
182
174
148
146
156
154
173
166
148
185
186
175
190
216
212
180
123
106
106
95
71
29
53
7
29
14
31
60
52
39
53
79
52
70
55
126
129
101
101
90
110
76
36
43
64
95
92
98
101
81
84
97
90
67
69
97
50
36
36
48
45
33
25
12
79
24
94
84
87
99
84
132
88
64
88
110
52
92
75
62
43
12
-2
40
57
-2
25
38
35
56
67
62
52
-32
-52
-43
-21
-32
-81
-93
-91
-62
-58
-56
-75
-113
-144
-105
-111
-73
-68
-48
-58
-71
-52
-95
-111
-142
-95
-117
-110
-64
-91
-152
-171
-201
-208
-154
-161
-154
-109
-141
-158
-115
-108
-115
-122
-98
-147
-153
-126
-170
-158
-116
-90
-146
-116
-89
-142
-89
-110
-105
-123
-199
-196
-158
-142
-151
-124
-119
-124
-166
-144
-135
-131
-123
-118
-126
-147
-133
-162
-150
-171
-165
-139
-156
-148
-106
-85
-86
-79
-33
-43
-18
-38
-83
-48
-35
-33
-27
18
-19
44
24
5
35
-21
-43
-51
20
16
-9
15
5
35
8
47
127
93
94
59
92
76
67
120
128
115
110
122
124
119
107
148
180
145
117
137
136
155
98
118
125
149
118
113
157
114
123
97
134
119
122
114
144
122
106
97
55
125
146
115
124
108
65
75
109
115
129
127
116
135
139
157
118
106
57
63
67
67
57
39
80
40
20
45
51
56
88
85
85
91
66
72
83
88
93
103
109
119
101
115
102
109
180
149
199
200
211
193
188
206
223
254
231
255
268
302
260
267
293
238
225
266
241
253
240
223
218
210
215
241
301
289
328
343
315
270
223
218
221
185
170
128
118
87
56
76
38
63
42
94
75
58
109
60
96
100
77
52
24
31
31
20
51
27
30
32
17
22
27
72
50
54
56
84
65
62
44
18
21
-13
49
68
35
-14
-6
0
24
14
-26
-33
-43
-50
-19
-17
-40
-15
-20
-15
-4
-26
-24
-4
-38
-36
-54
-49
-52
-96
-88
-61
-63
-85
-77
-81
-78
-62
-27
-4
-23
-42
-36
-27
-85
-148
-106
-52
-77
-52
-48
-63
-63
-88
-47
-71
-61
-36
-27
-39
-61
-85
-77
-40
-75
-56
-53
-65
-34
5
3
-23
-37
-24
-66
-79
-103
-120
-59
-60
-42
-49
-88
-121
-134
-159
-156
-121
-129
-148
-128
-113
-124
-171
-152
-138
-105
-104
-171
-158
-235
-216
-184
-208
-183
-211
-178
-150
-165
-184
-177
-120
-123
-107
-122
-141
-119
-114
-107
-147
-150
-119
-109
-151
-151
-133
-179
-114
-95
-108
-102
-117
-103
-163
-139
-137
-174
-133
-110
-96
-87
-47
-5
17
-26
-59
-32
-44
-69
-30
-57
-41
-11
-42
-9
10
-2
14
26
27
-4
-27
16
1
-12
-35
-53
-56
-2
-74
-85
-27
8
-14
-15
-6
10
36
-33
-8
14
28
24
19
10
22
10
39
14
17
19
9
9
61
79
63
62
69
64
73
79
112
122
56
92
54
34
-4
49
30
50
73
78
88
60
80
51
63
64
96
79
96
123
114
76
87
97
70
88
81
86
75
96
122
117
126
127
123
97
88
142
161
171
188
194
222
221
245
248
249
228
195
199
148
132
168
183
169
194
217
226
239
219
248
217
196
183
188
259
197
196
204
166
162
143
90
110
112
76
137
145
146
173
161
124
142
103
141
187
156
180
203
161
160
152
132
168
93
107
144
135
180
204
185
189
203
232
213
212
217
188
158
121
120
143
142
97
98
83
71
50
15
9
31
9
-14
-16
23
-29
-39
0
-4
-17
8
2
-31
-8
-56
-31
-62
-73
-103
-109
-86
-78
-67
-87
-89
-66
-81
-62
-96
-81
-50
-91
-86
-129
-101
-87
-121
-156
-91
-128
-122
-134
-187
-142
-143
-117
-92
-123
-130
-108
-138
-125
-138
-132
-162
-184
-148
-131
-117
-120
-139
-151
-150
-129
-149
-167
-105
-134
-151
-125
-166
-183
-142
-174
-174
-149
-179
-158
-152
-145
-134
-176
-166
-169
-206
-179
-214
-185
-161
-171
-159
-161
-156
-177
-189
-123
-148
-188
-186
-224
-212
-228
-221
-220
-229
-221
-226
-242
-251
-217
-180
-178
-164
-191
-191
-158
-154
-181
-218
-176
-148
-172
-141
-90
-105
-105
-88
-115
-110
-118
-141
-111
-123
-119
-110
-119
-124
-140
-135
-111
-94
-123
-72
-75
-142
-119
-103
-129
-134
-114
-184
-179
-130
-135
-137
-125
-126
-132
-152
-97
-91
-107
-98
-69
-104
-177
-127
-147
-105
-118
-90
-56
-39
-50
-24
-30
-47
-59
-83
-26
-56
-65
-40
-25
-14
9
15
51
38
74
45
19
21
27
24
23
47
27
71
75
72
101
87
27
40
66
70
96
108
103
106
90
107
124
90
97
117
132
148
173
160
135
152
153
149
114
128
151
132
160
216
186
181
203
185
192
160
175
157
152
156
140
162
151
159
172
174
148
139
185
175
163
181
151
187
168
159
199
164
177
153
205
214
227
251
250
241
258
308
312
323
263
309
280
277
270
247
269
286
303
298
282
311
278
225
239
237
238
237
221
206
268
232
223
173
154
144
132
162
133
118
99
90
65
74
55
12
68
46
35
72
88
83
54
88
64
33
23
25
34
56
63
33
50
90
86
102
66
75
68
30
39
44
51
66
85
66
113
168
174
172
189
185
171
122
139
141
99
98
100
143
150
102
111
112
80
57
83
72
55
61
58
52
-3
14
14
6
-4
-10
-8
-2
-7
-27
-79
-80
-99
-116
-146
-139
-142
-149
-80
-59
-33
-70
-69
-67
-59
-76
-45
-47
-37
-47
-36
-13
-29
2
1
29
27
-14
-29
18
28
29
10
11
-33
-60
6
7
14
-30
-29
1
-30
-33
-116
-163
-150
-134
-162
-196
-162
-174
-151
-173
-173
-191
-212
-188
-256
-216
-247
-213
-166
-172
-162
-178
-118
-137
-156
-180
-209
-227
-224
-221
-212
-223
-172
-197
-152
-107
-144
-90
-115
-103
-85
-74
-57
-21
-26
-59
-108
-123
-126
-96
-98
-100
-98
-129
-99
-83
-97
-66
-56
-52
-26
-91
-19
-21
-57
-14
-39
-53
-42
-58
10
59
-23
73
77
46
66
63
74
79
136
127
126
176
219
175
207
181
129
131
169
215
149
178
191
219
219
196
228
193
182
162
147
149
143
156
128
151
119
107
155
135
174
134
82
101
64
67
80
101
80
34
108
87
87
106
114
156
132
131
129
152
155
164
157
123
189
220
232
251
245
279
265
303
309
280
316
324
316
287
338
334
348
369
311
292
315
358
369
378
331
331
304
286
270
248
330
282
268
311
257
263
273
233
192
202
214
179
164
171
182
176
156
120
164
188
180
209
154
97
62
69
75
65
87
46
86
119
82
90
101
119
77
104
103
120
111
116
155
152
177
128
168
201
172
115
126
130
127
134
108
142
161
197
188
201
196
181
184
114
119
111
128
112
92
87
46
44
-6
-62
-85
-53
-37
-47
-33
-20
-63
-117
-138
-149
-184
-179
-157
-124
-146
-136
-130
-128
-91
-102
-124
-120
-103
-170
-160
-152
-164
-187
-178
-171
-134
-142
-129
-101
-203
-163
-142
-121
-126
-162
-156
-161
-187
-155
-110
-153
-125
-123
-86
-65
-16
-20
-59
-68
-62
-57
-124
-129
-100
-89
-135
-109
-146
-118
-64
-121
-153
-145
-171
-192
-228
-217
-225
-272
-205
-208
-175
-136
-136
-130
-179
-184
-175
-247
-248
-251
-267
-243
-248
-203
-239
-224
-139
-115
-114
-193
-168
-184
-194
-184
-176
-158
-148
-101
-125
-151
-134
-99
-119
-81
-46
-39
-18
-44
-44
3
-18
-76
-58
-39
-24
-8
-18
-21
-51
-63
-102
-88
-40
-58
-109
-152
-125
-100
-63
-81
-76
-26
-6
-4
4
34
-20
-34
-64
-90
-40
-33
-39
-13
22
23
45
27
48
36
-26
-19
-38
-51
-6
40
52
70
16
22
38
28
90
110
147
151
120
86
114
146
123
126
131
181
185
132
169
192
166
172
165
189
169
175
160
136
150
153
190
199
175
175
133
109
118
159
186
187
229
194
180
206
229
212
220
185
193
192
222
269
237
208
209
225
224
238
248
251
174
192
193
227
235
228
227
203
218
183
216
170
130
145
161
184
200
212
173
201
192
204
204
170
146
129
148
67
142
166
159
168
168
189
106
102
130
122
131
124
117
136
98
80
84
94
78
86
128
115
133
124
121
130
99
111
93
117
109
107
96
61
85
123
141
123
146
112
41
-4
-30
-14
-15
-36
-23
-24
-23
-31
-4
1
-17
-30
12
44
18
40
50
43
28
-1
19
33
23
4
-11
63
-18
-66
-51
-85
-70
-105
-119
-137
-149
-125
-140
-100
-56
-36
-26
-64
-84
-91
-105
-136
-127
-150
-130
-68
-64
-79
-89
-90
-139
-167
-99
-97
-68
-52
-30
-19
-82
-61
-33
13
38
46
-8
19
30
30
37
28
22
-78
-66
-9
20
17
10
14
35
34
56
60
45
24
41
26
-6
-8
-49
-38
-60
-81
-90
-78
-115
-105
-107
-149
-142
-190
-214
-244
-274
-284
-298
-287
-252
-248
-237
-261
-228
-228
-295
-252
-250
-240
-219
-197
-182
-201
-218
-215
-238
-253
-282
-275
-177
-160
-125
-169
-133
-147
-165
-132
-138
-144
-173
-150
-158
-134
-72
-14
-51
-21
-5
-23
-43
-94
-122
-91
-108
-101
-43
-79
-22
-9
-33
-45
-61
-51
-52
-5
-34
-82
-102
-113
-132
-117
-71
-49
-100
-112
-114
-156
-110
-111
-80
-100
-30
-47
-82
-40
-85
-123
-122
-89
-95
-57
-20
9
-8
16
6
-13
-78
-94
-48
-52
-25
-9
39
20
-5
25
-6
25
50
19
51
22
-12
46
19
49
43
-47
-21
-21
11
35
63
77
80
84
95
72
21
39
40
66
68
97
140
175
194
176
203
190
152
151
181
147
89
115
118
147
168
196
204
162
227
187
124
151
119
145
140
165
184
202
245
245
311
309
303
297
261
274
254
229
240
300
257
237
269
251
259
239
235
221
251
212
228
199
197
219
242
284
222
224
181
163
131
127
191
178
117
120
96
78
99
95
50
62
50
78
100
95
160
151
102
45
65
64
61
82
48
48
64
49
66
70
39
4
24
17
40
83
48
54
48
4
78
112
77
51
33
49
58
95
86
96
48
28
34
39
6
-9
29
13
-21
-53
-28
25
26
-2
15
-27
-95
-87
-60
-15
16
41
48
7
14
36
76
9
-19
-29
-55
-71
-53
-17
-44
-83
-120
-101
-102
-114
-116
-110
-118
-83
-96
-100
-91
-63
-79
-101
-96
-121
-126
-107
-140
-140
-182
-178
-193
-241
-225
-251
-243
-214
-152
-199
-172
-193
-194
-205
-182
-182
-238
-240
-223
-221
-220
-208
-257
-281
-315
-315
-255
-181
-228
-222
-249
-228
-221
-216
-244
-247
-203
-207
-218
-209
-186
-220
-169
-241
-249
-267
-271
-231
-234
-222
-198
-148
-139
-107
-85
-45
-71
-90
-75
-115
-40
-15
-19
46
20
2
-7
-6
20
11
4
2
-29
-25
45
50
77
95
61
91
51
52
95
83
137
103
62
112
74
57
85
55
27
54
55
80
74
74
106
115
112
128
138
87
117
153
150
162
173
125
142
108
58
107
146
130
131
200
209
232
243
247
265
249
254
237
193
165
169
198
201
184
215
244
197
134
132
111
47
58
45
78
83
84
60
21
68
39
43
33
-42
-9
7
-36
9
-25
-64
-57
-78
-49
14
5
-2
-70
-114
-60
-40
-32
-33
16
10
48
64
60
109
108
121
194
254
258
262
261
241
202
201
223
204
201
192
144
196
196
207
216
248
213
154
190
119
112
85
81
81
62
32
58
15
-1
79
41
22
47
42
39
71
105
90
56
63
51
66
60
58
31
54
35
31
50
92
144
130
128
159
172
107
100
90
82
120
175
161
173
134
117
78
89
133
127
132
80
27
58
43
-68
-91
-78
-84
-74
-100
-140
-102
-100
-96
-106
-78
-149
-183
-197
-236
-257
-299
-290
-274
-235
-237
-233
-207
-190
-230
-215
-205
-232
-222
-239
-262
-181
-161
-149
-104
-133
-99
-87
-63
-95
-42
34
-6
6
16
-37
-50
-58
-98
-50
-27
9
25
46
78
65
66
80
29
7
-15
-1
25
-4
-18
-29
-3
-4
63
41
50
-9
-40
-35
-132
-135
-168
-139
-110
-161
-140
-187
-214
-157
-175
-180
-188
-222
-247
-220
-252
-261
-245
-228
-212
-211
-232
-278
-247
-245
-228
-219
-202
-206
-243
-205
-244
-220
-175
-163
-130
-143
-135
-138
-103
-139
-120
-142
-154
-92
-84
-89
-85
-66
-106
-117
-108
-101
-98
-59
-61
-44
-34
34
30
22
27
-10
37
49
50
36
47
50
21
-3
23
-7
-1
48
67
88
21
-28
17
-2
2
21
-10
-41
-72
-56
-17
4
48
82
96
65
22
43
37
21
8
-10
-4
28
44
12
43
67
3
-44
-3
11
-3
59
44
53
21
30
57
11
15
10
7
33
62
52
23
49
45
10
31
29
36
20
23
16
47
82
89
95
117
118
94
48
61
86
109
128
118
138
133
219
211
220
210
214
201
185
187
179
222
203
263
262
229
229
262
254
247
263
249
273
303
255
236
264
223
258
307
247
279
279
268
266
306
319
295
327
318
331
291
324
307
275
265
283
296
310
341
347
358
364
333
353
354
314
293
246
282
243
226
245
259
272
271
269
255
196
132
120
120
108
83
79
86
83
139
144
123
128
91
86
69
42
-8
6
28
63
60
24
33
0
-27
-55
-79
-70
-26
3
12
14
25
55
15
-19
-9
-35
-29
-15
22
87
89
67
2
5
-15
-35
-19
-29
2
-3
16
-6
30
27
-14
-22
-69
-131
-126
-113
-74
-95
-117
-74
-96
-37
-33
-39
-69
-110
-139
-185
-192
-177
-197
-222
-233
-231
-203
-187
-217
-199
-251
-262
-278
-264
-241
-200
-157
-239
-213
-228
-256
-246
-216
-250
-250
-272
-262
-239
-211
-198
-244
-230
-251
-261
-284
-255
-200
-212
-180
-103
-37
-75
-74
-42
-102
-90
-86
-140
-128
-66
-45
-42
-21
22
-4
-17
-70
-68
-21
-17
-12
-16
-4
-5
-5
-32
-58
-34
-116
-160
-107
-85
-40
0
6
20
42
44
91
69
60
20
5
38
23
55
46
29
45
37
34
19
9
20
21
7
39
75
92
69
17
8
-9
71
43
59
79
-5
37
4
-11
24
41
40
44
42
43
41
18
-2
7
37
52
59
44
34
2
-5
-34
-14
19
10
10
14
-5
-29
-49
-94
-135
-145
-110
-97
-46
-55
-67
-43
-22
8
-16
1
-37
-66
-58
-59
-72
-137
-103
-74
-69
-43
-83
-67
-16
28
40
30
27
35
14
-4
30
26
25
18
82
74
114
198
201
177
146
157
203
229
201
216
228
204
146
108
111
175
232
266
266
221
213
225
188
173
152
154
139
122
88
72
102
92
137
149
149
142
138
72
73
48
76
134
143
199
176
164
97
157
120
84
127
151
147
120
100
72
108
85
137
104
75
117
133
101
99
139
126
138
132
96
109
76
65
84
82
104
92
112
127
141
91
67
36
29
29
55
103
92
84
70
54
25
63
100
43
53
82
18
-11
-27
3
-20
-19
-1
34
44
44
57
30
31
100
91
84
88
43
37
40
25
5
64
54
27
5
68
55
85
129
94
83
97
64
17
15
5
21
31
60
40
65
45
39
29
27
35
47
66
60
2
-53
-67
-95
-86
-64
-65
-57
-89
-120
-112
-112
-134
-141
-136
-137
-111
-155
-160
-214
-193
-209
-209
-197
-215
-166
-187
-165
-180
-164
-170
-185
-194
-219
-198
-150
-198
-224
-190
-160
-155
-159
-148
-159
-164
-186
-194
-223
-221
-224
-240
-258
-272
-308
-276
-282
-245
-226
-240
-226
-254
-239
-252
-202
-194
-180
-161
-160
-146
-157
-157
-146
-117
-115
-116
-110
-111
-64
-46
-40
-30
-18
3
-67
-11
20
23
70
37
26
-27
-37
-43
-54
-13
-16
-45
-62
-79
-54
30
47
77
96
84
80
32
16
-5
28
42
45
36
12
-7
18
93
73
92
94
113
114
104
130
78
33
25
50
72
93
138
133
100
105
71
65
44
-6
-5
-6
9
13
69
73
70
121
139
101
103
97
74
71
52
50
49
58
62
108
102
80
101
105
77
102
169
159
150
181
191
138
125
136
137
141
202
293
279
302
258
286
290
257
268
227
217
202
210
247
293
285
324
329
371
355
318
298
233
211
211
178
192
235
246
256
235
246
280
285
303
310
320
353
317
330
294
330
290
238
307
312
341
351
368
382
407
417
354
341
317
291
311
276
304
301
293
312
339
280
280
263
193
213
188
216
214
212
217
237
258
234
250
208
180
219
184
176
174
174
170
152
178
149
152
117
90
170
154
144
176
180
163
138
156
161
126
121
116
99
104
108
48
37
47
24
25
9
10
-33
18
10
7
49
19
0
-86
-97
-124
-164
-121
-129
-124
-121
-110
-91
-97
-102
-88
-88
-145
-137
-137
-108
-131
-135
-117
-114
-123
-142
-123
-112
-65
-81
-74
-72
-48
-43
-59
-49
-65
-83
-94
-122
-156
-121
-128
-182
-174
-158
-131
-189
-187
-182
-187
-170
-234
-236
-294
-339
-360
-363
-408
-407
-372
-428
-422
-400
-408
-388
-383
-416
-393
-355
-373
-378
-344
-392
-411
-371
-404
-342
-322
-370
-321
-323
-313
-319
-331
-291
-295
-284
-275
-256
-263
-273
-248
-251
-248
-194
-189
-182
-156
-171
-165
-181
-105
-47
-23
-28
-3
35
45
76
83
18
-14
-14
-19
17
-34
-9
-41
17
69
70
81
40
91
66
50
23
-32
30
46
51
72
57
88
94
104
111
91
31
48
16
31
70
67
88
69
81
98
144
132
142
142
147
172
147
112
95
89
55
14
27
19
42
131
115
126
160
144
149
148
148
141
162
166
168
196
180
181
202
218
181
121
121
159
167
198
190
158
194
181
192
197
198
157
123
148
179
203
207
191
170
200
171
165
161
159
171
174
186
175
222
171
129
150
164
182
231
304
240
212
182
182
154
178
197
170
182
134
86
97
147
82
103
157
143
126
76
92
84
63
91
110
109
82
129
110
101
77
97
78
52
72
91
110
80
82
118
165
146
167
127
147
98
103
166
131
145
183
174
155
156
142
142
133
97
70
97
117
144
129
143
114
104
136
76
72
22
-14
55
40
58
42
-8
-7
-33
-26
-21
7
-45
-63
-65
-82
-50
-71
-53
-31
-86
-125
-100
-119
-94
-120
-124
-100
-134
-103
-90
-63
-59
-123
-150
-166
-151
-79
-37
-40
-23
-89
-103
-58
-41
-13
-116
-109
-104
-103
-56
-82
-86
-87
-148
-186
-144
-145
-102
-95
-73
-75
-71
-52
-92
-108
-102
-112
-126
-111
-166
-167
-124
-95
-107
-102
-72
-51
-40
-32
0
-38
-35
0
-9
25
3
-25
5
-49
-64
-25
-23
-45
-43
-16
-28
-48
-36
-56
-54
-79
-78
-61
-56
-85
-81
-75
-120
-111
-128
-134
-160
-182
-205
-204
-231
-239
-230
-221
-247
-232
-243
-293
-295
-280
-174
-231
-234
-217
-259
-223
-194
-181
-147
-166
-148
-65
-23
-26
-3
-17
-34
23
18
18
-23
-23
12
43
20
24
32
48
40
60
71
20
39
-35
-53
-24
-2
53
57
38
73
84
31
11
6
-7
-20
-16
-33
-75
-33
-1
-5
-15
-31
15
25
12
-24
-70
-55
-55
-16
-9
-36
-54
-89
-60
-30
8
26
-5
-25
-47
-12
46
73
39
57
41
16
-1
7
78
90
90
64
68
103
90
21
38
14
-48
-56
-63
-30
29
3
34
67
41
68
46
21
-23
-57
-32
7
43
85
74
101
108
123
111
115
138
138
169
130
165
176
160
151
148
149
110
87
146
158
165
166
188
188
177
214
152
192
145
105
76
61
47
65
96
122
110
74
167
137
139
101
98
86
60
36
21
25
-3
34
48
72
31
23
13
16
25
7
10
0
28
16
19
9
1
24
49
57
43
69
57
63
107
101
83
70
13
-37
-32
-14
-19
-12
26
55
38
34
-12
-26
-25
9
20
-6
-5
-20
-10
-15
50
66
107
114
112
113
22
76
121
127
142
102
103
139
111
99
154
168
153
136
200
178
170
159
111
128
96
58
10
39
67
49
40
34
18
2
-25
-46
-52
-67
-92
-134
-145
-149
-125
-134
-166
-176
-204
-196
-182
-208
-231
-241
-245
-227
-226
-170
-208
-218
-203
-250
-210
-217
-238
-243
-242
-252
-311
-335
-318
-320
-351
-302
-267
-314
-317
-339
-317
-322
-331
-341
-327
-293
-300
-316
-315
-308
-293
-281
-263
-244
-253
-232
-292
-322
-336
-318
-289
-234
-213
-235
-236
-269
-242
-202
-189
-194
-179
-213
-185
-158
-158
-164
-166
-167
-183
-189
-199
-139
-137
-155
-149
-145
-118
-114
-89
-73
-110
-74
-60
-57
-55
-101
-92
-80
-58
-49
-29
-88
-127
-83
-82
-60
-55
-45
-51
-40
-75
-24
19
-48
-90
-138
-99
-81
-61
-77
-57
-22
-10
7
-30
-32
-17
27
29
9
38
64
65
77
54
64
118
117
121
132
117
154
159
120
153
154
189
166
138
78
33
50
80
160
135
134
152
157
143
138
99
103
136
89
75
62
78
127
113
186
218
221
257
229
220
213
239
215
214
177
175
164
226
256
218
258
228
302
299
321
318
291
316
345
357
321
341
324
298
294
365
374
365
383
386
373
383
357
354
366
343
329
341
339
309
336
339
335
336
377
323
283
268
242
229
207
178
183
218
222
191
175
222
241
219
176
126
111
103
33
24
2
51
6
-20
23
32
4
-14
14
-21
15
26
-2
1
25
-10
29
-6
-18
33
36
14
70
133
66
92
63
74
64
28
43
7
67
51
65
142
164
171
152
136
115
133
110
103
78
82
94
50
55
72
30
23
25
54
99
64
34
-1
16
19
8
-14
28
60
32
44
24
-16
-62
-14
-6
-72
-98
-120
-147
-134
-127
-178
-133
-135
-162
-171
-128
-120
-148
-127
-141
-135
-63
-69
-93
-48
-68
-5
-12
-47
-79
-61
-43
-74
-20
-35
-36
-37
-62
-78
-78
-19
-27
-41
-65
-105
-110
-75
-90
-83
-82
-162
-177
-190
-170
-191
-175
-162
-159
-123
-136
-99
-81
-139
-128
-100
-146
-166
-140
-106
-104
-118
-114
-113
-106
-87
-46
-23
-60
-48
-55
-40
-69
-88
-69
-70
-29
-50
-3
-15
-23
-20
-6
7
16
59
23
81
45
4
-16
-79
-37
-55
-110
-85
-42
-42
-12
-1
-38
-30
-22
-16
-42
-67
-89
-83
-47
-68
-63
-45
-46
-60
-75
-51
-64
-65
-31
-38
-25
15
21
-1
-2
-27
17
5
24
39
58
126
98
82
84
137
121
119
133
122
81
86
127
115
126
175
188
178
145
172
191
133
165
164
161
134
84
80
65
16
17
83
72
33
52
27
-1
69
98
66
34
41
6
-15
42
54
99
103
71
56
50
86
111
96
56
2
-36
5
14
39
34
46
49
50
112
97
138
141
91
140
151
150
123
119
129
52
72
45
61
53
58
78
90
118
77
138
121
155
152
112
93
121
157
189
225
196
194
203
165
144
172
149
178
108
80
130
152
152
137
111
107
156
152
193
203
156
141
129
125
75
44
72
31
3
-2
33
-5
22
55
43
43
-12
9
52
63
50
102
67
70
117
102
89
108
94
88
101
59
9
8
39
26
66
55
31
2
27
39
25
17
1
44
12
1
-12
-2
21
4
4
-11
-3
6
-21
-85
-79
-82
-66
12
3
28
-6
-40
-84
-104
-105
-61
-27
-58
-55
-83
-40
-85
-81
-78
-61
-57
-83
-96
-70
-55
-119
-111
-80
-38
-42
-9
-34
-58
-14
-1
-23
-42
-5
27
35
55
64
56
45
-36
-60
-16
-70
-45
-32
-91
-83
-131
-135
-98
-102
-128
-140
-131
-171
-131
-145
-163
-153
-162
-189
-218
-177
-215
-221
-280
-285
-298
-310
-282
-292
-299
-327
-319
-334
-330
-302
-281
-262
-306
-315
-293
-247
-205
-264
-270
-275
-272
-299
-219
-193
-248
-259
-231
-204
-152
-108
-107
-115
-136
-104
-148
-124
-117
-110
-138
-160
-154
-147
-127
-134
-116
-160
-155
-134
-153
-182
-156
-115
-129
-93
-116
-97
-111
-122
-132
-122
-58
-92
-38
-52
-75
-72
-28
-9
-13
-18
-45
-67
-60
-46
-11
13
-14
-10
-16
9
8
46
69
33
75
86
92
146
129
92
103
70
30
0
-4
40
12
3
13
49
11
8
62
22
8
3
-6
27
4
41
59
0
17
35
9
8
53
42
85
65
71
88
93
164
156
192
209
154
264
279
260
255
217
265
223
219
226
187
172
224
192
185
191
184
216
225
253
228
224
204
216
234
211
204
181
116
84
101
156
179
128
127
96
128
155
158
155
132
101
81
52
-11
36
0
-37
-66
-44
-59
-72
-20
-7
-33
-50
-40
-49
-24
10
-2
-3
44
3
41
82
69
50
68
67
63
20
27
35
19
27
31
7
-2
24
-1
69
33
25
75
129
124
130
101
19
16
41
54
16
30
25
48
41
18
5
17
38
-7
0
-15
-9
-32
-82
-71
-32
-42
-55
-61
-95
-69
-78
-120
-129
-87
-97
-77
-56
-21
-47
-79
-117
-143
-88
-48
-71
-44
-59
-104
-27
-12
-42
-33
-9
-42
-15
-16
46
46
16
33
38
22
29
54
-13
28
80
28
23
55
33
1
-12
9
-16
-7
-18
-8
17
-44
-69
-79
-92
-120
-187
-177
-129
-125
-133
-154
-185
-230
-254
-264
-276
-268
-260
-256
-251
-270
-309
-301
-304
-300
-288
-279
-234
-269
-237
-156
-176
-184
-240
-242
-212
-220
-255
-246
-231
-260
-209
-225
-234
-185
-167
-176
-130
-137
-89
-107
-140
-79
-99
-83
-115
-134
-128
-131
-151
-129
-142
-177
-215
-209
-124
-100
-87
-102
-120
-124
-104
-138
-137
-129
-174
-123
-111
-107
-106
-107
-96
-129
-138
-130
-139
-108
-72
-47
-23
-36
2
40
13
19
39
0
-17
-5
-23
2
33
-26
-1
-21
-66
-45
-32
-43
-60
-35
-37
-39
12
14
-32
-61
-103
-83
-81
-92
-130
-72
-57
-96
-76
-81
-81
-81
-100
-113
-76
-71
-44
-56
-46
-27
-42
-9
10
-14
-36
-39
-2
14
-15
-50
-48
-4
-15
-21
-29
-14
40
84
78
101
95
76
66
67
55
59
69
38
101
73
92
100
135
125
88
102
98
116
69
64
111
144
109
94
91
149
179
197
221
184
143
128
144
138
119
148
141
145
158
187
260
244
183
147
185
190
174
175
105
57
96
83
108
156
131
161
171
135
176
150
151
104
87
102
56
113
78
82
85
116
137
124
147
156
127
138
170
126
109
50
80
103
76
61
61
68
59
102
129
78
40
59
6
-2
13
-42
-84
-73
-44
-26
-51
-51
-43
-78
-96
-97
-98
-122
-103
-147
-164
-66
-26
-57
-63
-36
-36
-28
-53
-90
-73
-91
-47
-14
-50
-83
-27
-4
-66
-54
-43
-13
-38
-60
-52
-71
-97
-101
-90
-163
-153
-140
-197
-180
-189
-212
-197
-209
-213
-220
-251
-243
-333
-328
-286
-265
-249
-342
-294
-301
-310
-263
-266
-290
-336
-360
-321
-322
-379
-389
-384
-399
-407
-411
-389
-323
-337
-368
-385
-426
-437
-453
-438
-397
-398
-370
-355
-363
-388
-368
-370
-358
-343
-364
-327
-273
-255
-291
-333
-339
-289
-261
-297
-283
-234
-284
-292
-228
-196
-228
-208
-170
-196
-207
-180
-158
-152
-159
-149
-110
-98
-81
-40
36
50
36
-7
6
29
56
62
39
45
39
29
14
18
6
76
77
131
96
89
108
73
131
111
85
44
41
32
19
-15
9
13
9
-27
-26
25
9
0
0
-16
-21
-40
-8
15
-44
-43
-61
-35
-32
-8
-14
-7
-29
-15
-6
-1
5
-75
-51
-72
-72
-75
-48
-46
-41
-34
-57
-6
29
50
135
131
94
150
107
98
94
94
95
32
40
37
70
64
59
38
4
-36
-43
-60
-89
-76
-140
-141
-163
-112
-90
-96
-92
-59
-35
-33
25
8
25
14
28
41
20
33
17
52
23
-45
6
20
76
52
41
61
76
130
117
111
105
105
79
112
118
156
181
204
255
261
259
242
224
198
149
123
144
104
107
113
117
81
68
69
23
21
15
52
79
101
39
31
73
79
107
86
46
13
20
-42
-12
22
34
68
56
115
153
121
93
99
65
52
41
87
104
119
155
115
95
46
69
97
59
67
51
-4
4
9
39
82
86
120
58
36
25
39
74
42
64
44
39
9
-4
7
-38
-26
-26
-18
14
15
26
21
21
12
14
-36
-66
-30
-57
-76
-68
-61
-70
-74
-70
-67
6
40
21
-20
-27
-42
-58
-20
-12
-51
-70
-32
-32
1
-48
-16
19
3
9
12
0
11
57
24
12
-13
3
-8
19
46
32
14
-30
26
36
-10
-30
-54
-78
-111
-62
-14
-21
-44
-36
-43
-50
-104
-84
-90
-87
-61
-68
-70
-104
-66
-104
-79
-117
-66
-109
-154
-185
-240
-219
-232
-194
-259
-230
-210
-177
-192
-198
-150
-202
-225
-167
-175
-170
-163
-198
-197
-205
-163
-105
-129
-148
-143
-152
-77
-37
-27
-54
-70
-73
-94
-107
-100
-107
-54
-40
-47
5
-19
6
11
-26
-14
12
-57
-58
-45
-53
-87
-93
-45
-39
2
-16
-34
-30
-35
-30
1
-22
-33
-12
-11
27
30
10
-4
-43
-46
-30
-6
10
-2
47
-2
39
111
106
126
99
131
132
158
159
222
266
241
269
323
309
270
307
270
301
360
339
260
256
272
283
271
236
272
270
290
282
271
281
286
266
214
167
198
220
211
191
157
195
233
247
290
317
282
243
229
207
207
210
189
193
214
144
127
218
198
252
283
269
256
217
220
211
218
180
185
228
217
244
294
288
252
273
338
301
308
264
225
229
192
219
238
290
287
360
367
345
408
391
326
315
365
333
326
298
322
312
300
268
313
330
261
247
257
293
215
235
190
192
208
196
236
182
191
239
222
233
246
231
209
146
105
108
125
92
65
31
13
22
32
66
48
-4
-74
-82
-25
-87
-171
-143
-139
-154
-125
-105
-102
-111
-59
-86
-145
-166
-130
-69
-94
-69
-69
-89
-90
-42
-47
-34
-5
-60
-29
-12
-19
-13
-41
-39
-35
-24
-43
-83
-88
-82
-50
-69
-61
-48
-88
-66
-17
-50
-62
-56
-91
-98
-76
-65
-102
-74
-83
-86
-64
-35
3
20
66
52
-11
-69
-40
-10
-8
-20
-50
-35
-13
-25
-60
-78
-51
-47
-32
-56
-89
-62
-87
-77
-113
-125
-112
-145
-149
-191
-181
-173
-201
-228
-224
-186
-188
-208
-190
-234
-220
-230
-267
-209
-223
-195
-223
-226
-226
-204
-228
-211
-167
-225
-167
-154
-114
-111
-102
-80
-132
-128
-61
-76
-77
-91
-117
-108
-76
-31
-19
9
-5
12
-2
28
-1
11
25
-14
-23
-13
52
13
10
-12
-16
-14
5
-5
-52
-27
-25
1
-4
-9
8
34
31
13
1
22
19
8
0
8
7
3
21
26
-7
-18
-8
-4
17
35
53
50
65
65
71
79
81
36
43
9
27
63
6
1
-4
13
44
49
87
79
40
31
16
9
7
-6
-6
-5
33
100
63
64
49
15
-40
-38
-20
11
6
-67
-103
-132
-127
-117
-128
-135
-153
-138
-130
-118
-36
-61
-34
-70
-78
-29
-33
15
10
4
16
16
8
37
33
23
60
87
38
16
73
47
91
93
78
119
94
80
65
78
159
167
134
191
169
168
185
176
196
205
208
233
256
287
263
208
194
169
178
189
201
206
219
209
206
190
206
222
207
198
146
160
170
209
197
181
195
167
160
139
128
140
134
123
119
65
64
50
93
114
99
60
44
56
5
31
44
59
74
49
12
27
23
-20
-46
-49
-71
-39
-70
-91
-75
-64
-54
-10
-12
-28
-38
-73
-22
-67
-57
-65
-53
-7
43
12
-9
8
6
25
39
88
95
91
56
47
54
60
69
51
49
52
33
47
43
49
45
41
21
28
53
27
46
38
-13
-13
14
15
8
-21
-59
-49
-38
-60
-51
-51
-68
-79
-106
-96
-68
-64
-66
-135
-174
-159
-133
-142
-200
-232
-223
-213
-239
-234
-247
-263
-236
-264
-286
-267
-275
-225
-233
-305
-308
-310
-302
-288
-259
-223
-241
-208
-160
-190
-201
-223
-224
-208
-274
-262
-219
-232
-215
-230
-242
-234
-236
-190
-140
-103
-81
-105
-130
-154
-152
-152
-131
-121
-143
-123
-125
-133
-93
-74
-47
-33
-63
-47
-95
-114
-68
-121
-117
-97
-78
-92
-75
-45
-55
-69
-155
-174
-188
-143
-127
-148
-130
-151
-172
-149
-121
-101
-70
-61
-39
-46
-26
-36
-105
-98
-44
-62
-76
-51
-20
61
55
64
93
67
64
63
55
68
24
38
81
90
112
65
132
104
122
125
120
146
162
168
129
172
100
123
153
169
168
195
234
208
202
217
211
227
220
201
204
182
171
192
216
187
182
165
186
155
111
101
124
134
136
154
141
118
100
93
85
68
34
24
19
28
-11
14
39
36
19
29
71
63
96
68
59
60
54
92
111
124
109
83
100
127
102
139
164
199
236
190
200
197
220
171
166
173
111
112
54
83
109
104
80
65
117
113
80
126
154
158
154
116
138
149
117
97
145
122
118
149
131
88
73
72
75
84
50
51
27
15
11
-1
6
-28
1
-24
-81
-76
-125
-93
-49
-18
-20
-25
-59
-82
-122
-90
-47
-118
-59
-87
-85
-39
-67
-79
-73
-68
-53
-17
-11
-4
-9
-3
18
7
53
2
-14
7
1
-6
-64
-2
-61
-66
-3
-24
18
-10
3
61
59
64
57
99
62
56
34
-19
3
18
9
-38
-15
-26
-28
19
11
40
63
42
15
14
12
-10
-38
-61
-63
-50
0
-17
-66
-86
-74
-48
-37
-27
-33
-43
-82
-89
-80
-128
-132
-147
-185
-169
-110
-96
-117
-137
-159
-174
-165
-135
-162
-163
-162
-189
-196
-205
-233
-254
-259
-232
-234
-234
-238
-209
-217
-249
-263
-237
-163
-192
-189
-197
-184
-209
-235
-230
-212
-198
-198
-185
-223
-183
-195
-187
-144
-166
-144
-100
-76
-49
-41
-65
-73
-27
21
72
102
98
137
135
145
97
64
76
95
85
43
61
80
74
71
119
123
73
65
115
98
98
59
18
67
97
77
77
75
48
39
41
63
72
57
18
11
-30
-20
-7
-43
-33
19
-14
-5
30
21
57
46
-2
-37
3
-12
-1
-20
-23
-5
-41
-23
23
70
82
121
124
140
125
70
50
76
112
124
93
106
85
105
152
162
206
126
137
99
99
95
80
102
102
102
89
110
80
123
101
111
88
64
86
63
49
18
51
32
34
89
96
96
93
112
112
51
19
53
67
87
93
39
76
89
90
149
78
55
89
77
28
87
111
65
89
123
124
107
134
169
212
166
184
151
143
186
182
157
157
154
128
170
151
160
143
120
143
146
151
153
113
88
62
45
55
49
34
6
15
21
13
33
41
24
4
2
-24
-73
-96
-59
-32
-37
-30
-40
-47
-13
-45
-103
-92
-75
-69
-89
-84
-59
-7
-10
-86
-81
-50
-59
-67
-20
-33
-29
-29
-68
-49
-44
-35
-46
-80
-102
-89
-60
21
-13
18
11
-35
-27
-87
-89
-101
-55
-73
-84
-86
-101
-91
-125
-114
-92
-92
-116
-66
-73
-90
-50
-49
-79
-108
-123
-172
-135
-93
-88
-41
-58
-49
-23
-14
-39
-65
-34
-73
-74
-68
-47
-5
11
-41
-75
-73
-72
-115
-127
-99
-115
-125
-129
-173
-206
-206
-239
-238
-275
-240
-235
-232
-210
-170
-153
-137
-95
-151
-200
-221
-233
-202
-189
-179
-162
-194
-176
-141
-115
-139
-160
-172
-238
-199
-199
-179
-165
-183
-132
-173
-152
-119
-108
-124
-139
-146
-131
-147
-117
-100
-75
-49
-105
-78
-102
-75
-53
-49
-49
-92
-87
-109
-138
-103
-90
-79
-50
-37
-50
-43
-72
-17
-19
-53
-34
-83
-59
-79
-33
-94
-78
-89
-123
-84
-92
-40
-56
-46
-60
-75
-10
9
-56
-40
-59
-58
-71
-19
3
-45
-14
-9
16
36
85
78
77
73
98
84
52
69
116
110
35
75
102
110
100
117
80
79
74
91
143
164
153
72
76
94
88
105
98
53
86
53
37
79
103
85
45
34
25
51
29
-3
55
36
31
65
56
77
72
36
13
40
62
100
103
110
134
108
128
114
92
62
71
144
177
211
212
233
198
186
182
210
267
246
254
302
273
253
280
263
260
311
299
273
286
256
292
314
329
283
281
270
297
321
290
276
265
252
219
199
168
147
132
140
126
150
135
147
179
212
207
191
137
117
151
141
178
181
149
85
62
81
101
98
114
115
114
104
92
132
157
167
186
148
97
121
147
159
191
177
139
125
119
93
67
64
64
52
5
30
68
12
15
9
-21
-15
-1
1
42
42
18
32
-62
-43
-58
-79
-67
-82
-96
-73
-36
-28
10
-6
-43
-85
-33
-29
-16
15
49
50
32
10
13
22
53
37
1
52
45
64
86
105
63
46
38
24
63
69
51
35
22
47
36
27
26
1
5
-21
-9
-38
-50
-8
-49
-70
-87
-112
-116
-122
-148
-130
-122
-141
-133
-161
-124
-132
-171
-197
-190
-141
-122
-128
-126
-136
-114
-128
-150
-142
-174
-236
-262
-241
-251
-234
-196
-157
-157
-130
-155
-145
-91
-85
-93
-137
-151
-129
-140
-96
-77
-90
-56
-62
-58
-64
-61
-45
-52
-18
28
58
89
105
86
8
23
90
83
38
69
39
58
68
73
109
78
116
101
71
56
30
20
60
21
54
83
14
32
9
-2
8
-22
-15
-49
-9
-2
-15
23
19
7
14
85
103
105
95
77
26
53
56
36
114
63
39
49
59
55
57
87
100
166
155
186
157
140
131
120
143
101
107
64
37
44
46
46
48
2
25
67
75
84
73
98
72
110
121
109
145
176
212
151
147
127
97
101
81
121
160
206
206
193
219
188
154
163
175
205
215
183
224
232
228
207
212
218
197
217
212
261
188
195
206
182
212
201
298
292
245
230
217
240
267
290
310
290
268
293
301
346
313
324
329
278
304
287
321
298
283
309
260
233
239
246
240
179
135
180
144
135
151
148
115
73
58
31
60
37
31
10
-17
5
15
57
-1
13
55
11
12
17
55
37
65
64
29
69
118
109
93
125
90
103
108
76
85
102
80
58
63
34
-4
15
79
71
59
53
34
-3
-19
0
-18
-47
-59
-88
-54
23
-3
-22
-97
-96
-130
-133
-106
-152
-105
-134
-138
-131
-139
-123
-115
-111
-106
-107
-109
-86
-110
-157
-177
-187
-181
-163
-116
-112
-121
-149
-124
-95
-82
-72
-93
-123
-162
-131
-151
-154
-128
-113
-143
-197
-209
-194
-126
-133
-133
-115
-156
-174
-190
-135
-180
-173
-193
-231
-184
-198
-189
-153
-157
-180
-189
-224
-200
-192
-160
-185
-185
-204
-196
-162
-202
-152
-125
-89
-61
-106
-108
-94
-86
-101
-128
-113
-83
-76
-35
-10
-22
-20
0
30
61
67
64
31
-8
10
-10
7
24
70
64
41
33
-8
-31
7
16
24
7
-13
6
-36
-68
-89
-24
-5
-24
-21
-52
-74
-32
-21
1
28
14
33
51
41
-13
60
82
50
81
92
101
67
51
52
57
74
121
127
100
104
105
59
47
42
63
76
85
112
76
101
98
113
110
76
45
31
63
74
140
156
141
161
143
139
128
71
65
100
100
53
38
83
91
91
80
71
44
-8
6
19
6
37
84
56
93
117
32
29
49
41
15
29
47
28
62
71
53
46
32
67
53
29
90
63
78
123
104
138
136
143
170
158
180
203
201
171
169
202
226
201
148
120
125
140
125
147
156
170
163
167
201
145
121
168
179
182
203
195
172
171
195
218
215
199
158
141
177
153
158
180
161
162
160
149
144
164
113
100
140
162
223
223
179
166
174
174
167
193
188
175
189
213
189
191
164
108
107
155
151
120
112
116
188
146
150
179
191
160
125
135
96
60
67
64
20
73
77
108
139
108
63
41
59
14
42
8
12
37
20
32
3
39
36
-26
3
15
20
31
-12
-14
-63
-46
-46
-46
-35
-71
-38
-49
-86
-76
-70
-81
-60
-20
4
-34
-27
-10
-49
-61
-108
-120
-100
-40
-29
-39
-13
-50
-24
-17
6
-21
-37
-22
-37
-30
-88
-82
-82
-69
-60
-76
-85
-66
-60
-139
-151
-170
-158
-174
-176
-131
-217
-215
-192
-223
-200
-230
-233
-252
-208
-174
-187
-187
-214
-221
-227
-243
-293
-262
-226
-248
-303
-274
-244
-242
-203
-223
-229
-222
-256
-253
-276
-258
-235
-228
-234
-233
-183
-148
-118
-158
-126
-104
-83
-77
-93
-90
-95
-132
-105
-68
-40
-36
-38
-33
-91
-45
-54
-55
-29
-13
-52
-50
-38
-77
-80
-45
-61
-117
-127
-121
-59
-45
-66
-83
-49
-71
-53
-59
-83
-80
-93
-81
-23
-28
-40
33
5
56
39
-3
-10
4
32
0
9
-23
-14
-16
10
58
69
53
30
82
68
96
108
23
4
23
30
89
80
82
100
99
115
95
119
127
133
145
164
162
156
146
123
143
148
140
142
186
207
155
156
99
152
149
77
96
107
125
95
154
175
218
262
231
175
150
147
186
204
224
223
216
214
197
211
173
218
196
222
197
214
264
282
273
254
266
200
229
202
239
288
317
282
276
301
323
323
321
334
277
277
242
271
323
266
252
274
233
223
217
242
253
217
178
185
189
166
213
160
150
129
105
129
100
112
108
99
75
107
92
76
69
23
99
100
83
121
68
82
75
94
134
77
87
105
117
101
86
36
68
54
52
84
90
45
64
69
16
38
-27
24
33
38
3
22
-4
-58
-53
-71
-65
-60
-77
-57
-17
-19
11
-33
-50
-61
-39
-33
-61
-60
-69
-102
-119
-90
-88
-117
-110
-84
-64
-32
-34
-46
-28
-42
-66
-84
-97
-168
-212
-192
-174
-162
-161
-164
-196
-237
-234
-192
-263
-269
-260
-295
-267
-232
-247
-274
-211
-213
-230
-248
-271
-241
-247
-248
-224
-264
-293
-263
-290
-294
-285
-281
-240
-211
-243
-214
-214
-238
-232
-260
-254
-234
-244
-243
-231
-253
-252
-272
-207
-250
-248
-188
-182
-192
-207
-224
-249
-261
-274
-240
-260
-271
-258
-261
-318
-258
-252
-244
-228
-255
-277
-263
-219
-232
-222
-244
-243
-217
-166
-164
-143
-137
-135
-115
-112
-109
-87
-23
-54
-81
-82
-66
-5
-25
-52
-65
-80
-29
-65
-99
-69
-81
-44
-72
-47
-80
-141
-81
-97
-82
-37
-48
-43
-38
-71
-90
-74
-11
-8
5
-24
12
20
-43
-6
-47
-4
22
24
54
96
122
89
122
68
9
51
70
72
79
72
84
98
161
135
91
114
72
122
159
129
116
81
56
80
113
87
69
73
109
81
64
104
97
72
54
83
120
155
126
141
136
105
113
75
80
80
107
88
87
151
149
204
196
126
165
176
143
178
162
189
200
190
206
174
197
246
258
229
232
170
198
189
181
234
200
202
246
264
224
207
270
256
225
234
214
214
213
230
180
210
209
221
235
238
275
248
253
276
279
231
237
233
194
204
185
163
173
140
157
131
124
165
124
120
159
118
131
139
99
111
80
78
115
101
106
79
65
114
17
-1
26
66
111
117
99
90
119
60
44
50
39
24
48
22
50
81
42
31
27
27
31
41
37
24
10
28
-5
-21
-31
-29
-46
-43
-14
-39
-52
-56
-44
-39
-30
33
7
9
-16
-13
13
-26
-33
-74
-56
-100
-121
-115
-87
-86
-85
-102
-161
-147
-159
-150
-116
-111
-130
-108
-75
-53
-32
-97
-65
-57
-104
-107
-139
-96
-108
-97
-52
-55
-81
-89
-76
-99
-119
-127
-151
-141
-122
-154
-202
-200
-186
-159
-155
-141
-127
-137
-146
-176
-165
-203
-203
-196
-241
-248
-256
-223
-194
-241
-282
-306
-309
-317
-309
-292
-288
-248
-303
-316
-286
-339
-327
-313
-311
-327
-262
-262
-264
-245
-264
-274
-320
-286
-272
-239
-217
-139
-154
-123
-117
-179
-154
-140
-171
-160
-109
-183
-143
-92
-112
-76
-72
-97
-59
-59
-79
-85
-13
-86
-96
6
-41
-91
-68
-20
-41
30
15
-16
6
-13
8
-13
-39
-82
-104
-75
-96
-107
-97
-99
-85
-29
-40
-86
-16
-22
-52
-40
-64
-49
-41
-43
-45
-28
-19
3
-20
31
41
7
29
78
80
18
7
-35
-36
20
6
-28
34
43
70
81
62
65
41
-10
-18
18
13
-14
-4
17
-3
-3
22
-20
-55
-52
-60
-43
9
-7
-30
-27
-17
3
1
26
17
35
61
62
58
68
64
57
29
21
-3
39
8
-35
26
-4
58
96
79
109
129
81
93
84
103
150
164
116
96
179
182
171
156
191
199
212
247
232
214
212
245
239
236
176
163
184
184
189
132
141
133
132
125
72
62
61
22
-3
4
-27
-17
5
9
57
29
16
-19
-44
-43
-73
-42
-39
-29
-29
-47
-37
-40
-35
-54
-89
-66
-92
-63
-92
-107
-74
-82
-61
-80
-42
-53
-86
-31
-62
-13
14
-17
-32
-40
-3
22
40
-23
-24
-46
-40
-14
-36
-71
-69
-65
-55
-74
-68
-91
-124
-103
-120
-96
-55
-71
-115
-118
-188
-153
-188
-249
-139
-126
-209
-69
-54
-172
-92
-148
-167
-48
-73
-102
-7
9
-105
-75
-20
-98
-115
-67
-106
-174
-61
-79
-90
-69
-117
-113
-111
-96
-148
-88
-20
-113
-134
-122
-140
-127
-96
-104
-122
-160
-180
-111
-171
-230
-203
-228
-251
-195
-228
-168
-108
-169
-125
-160
-230
-170
-139
-185
-157
-165
-121
-111
-176
-189
-228
-207
-199
-248
-175
-158
-216
-173
-159
-188
-154
-163
-194
-146
-159
-157
-182
-170
-166
-172
-107
-155
-93
-66
-135
-134
-108
-100
-83
-116
-123
-58
-95
-87
-34
-55
-70
-36
-60
-101
-57
-27
-26
-32
-94
-62
-61
-47
-29
-68
-31
-42
-37
-31
-14
-4
8
-7
-16
68
69
34
32
54
71
64
92
68
84
107
56
75
92
96
112
86
80
70
60
57
46
-20
21
70
66
95
99
113
65
88
82
93
119
114
123
132
122
137
147
74
96
135
136
146
149
123
113
153
114
94
123
133
110
103
111
60
156
154
115
142
153
117
127
167
144
133
140
200
153
183
220
236
166
178
243
224
268
284
287
272
229
211
214
256
229
205
207
150
208
202
205
217
263
288
279
300
266
264
249
264
252
282
329
258
224
231
201
203
199
201
167
197
178
170
203
149
164
157
128
127
173
125
109
87
86
72
43
68
63
72
75
75
57
71
48
86
90
97
122
85
114
100
76
30
-6
10
3
24
32
16
80
39
1
27
-17
13
1
11
2
-21
-17
33
36
-17
1
-24
-28
-17
-1
28
46
28
21
2
-7
-17
17
44
57
-2
-56
-31
-63
-43
-40
-49
-59
-34
-48
-70
-76
-70
-38
-4
-50
-102
-77
-100
-114
-105
-81
-75
-129
-143
-105
-123
-133
-88
-106
-129
-93
-80
-94
-78
-40
-103
-65
-28
-29
-4
-8
-18
-61
-23
-41
-10
8
11
29
-14
17
24
37
-5
-28
-47
-34
-47
-59
-37
-86
-48
-66
-102
-97
-108
-132
-79
-71
-86
-71
-89
-90
-132
-102
-70
-138
-118
-115
-129
-155
-136
-118
-196
-174
-128
-132
-154
-161
-118
-121
-193
-167
-197
-166
-129
-102
-67
-96
-104
-120
-133
-132
-69
-88
-83
-69
-127
-147
-145
-160
-164
-144
-107
-79
-120
-102
-126
-104
-118
-142
-60
-105
-117
-117
-126
-140
-93
-83
-68
16
1
-19
-21
-15
-24
-16
26
16
18
0
-4
38
22
61
62
47
75
53
69
122
61
45
75
63
78
58
37
65
136
111
131
159
130
115
116
126
88
82
51
23
89
108
102
116
119
109
105
116
63
55
15
6
-1
53
95
61
76
94
63
13
27
52
45
-3
48
45
59
16
40
109
85
108
95
126
131
135
137
146
117
133
133
132
160
180
228
186
229
177
199
202
202
265
239
223
224
260
233
240
255
276
253
211
219
236
234
257
285
301
283
289
318
306
330
355
378
398
329
302
312
326
329
351
345
283
285
249
254
300
253
197
267
266
208
228
230
169
160
178
191
156
135
117
83
80
80
106
126
163
135
52
31
66
52
51
85
53
24
23
63
63
-16
-48
-38
-44
-108
-102
-83
-109
-99
-120
-160
-140
-85
-79
-108
-116
-129
-128
-104
-137
-122
-131
-114
-99
-91
-78
-58
-56
-72
-29
-70
-53
-70
-44
-40
-39
-30
-23
11
-7
7
-36
-48
-73
-86
-71
-99
-59
-29
-52
-34
-61
-46
-60
-32
-67
-43
-19
-16
63
-8
-14
-50
-86
-106
-106
-160
-152
-111
-107
-112
-124
-106
-112
-103
-134
-155
-175
-153
-195
-170
-109
-77
-63
-104
-85
-148
-144
-196
-206
-183
-198
-172
-188
-169
-171
-145
-134
-149
-172
-176
-197
-189
-171
-173
-173
-140
-138
-164
-111
-149
-172
-102
-138
-118
-127
-125
-124
-159
-126
-153
-133
-148
-162
-140
-104
-157
-158
-149
-142
-130
-175
-164
-166
-125
-97
-115
-126
-107
-107
-82
-75
-112
-102
-98
-136
-159
-146
-181
-174
-151
-131
-101
-133
-101
-86
-108
-64
-81
-129
-131
-126
-83
-88
-78
-70
-57
-64
-46
-26
-9
34
-30
-32
-24
-15
-10
-9
-29
14
82
72
52
54
50
96
111
86
84
111
139
77
50
62
65
44
62
73
98
86
73
52
101
58
19
106
127
122
92
77
78
94
83
24
12
23
-22
28
52
23
-2
16
15
33
-10
10
30
-9
22
13
28
-30
-20
-55
-28
-11
-28
-3
-18
-6
-4
44
34
18
-38
5
58
83
90
69
67
40
74
92
95
69
62
85
75
63
42
12
77
49
68
117
93
107
127
156
135
90
104
127
112
93
115
133
123
136
93
109
145
154
150
138
132
157
122
98
81
77
86
53
61
49
44
32
29
55
22
-21
-3
-12
-46
-47
-31
-47
-40
-30
-23
-44
-32
-21
3
-14
-60
-38
-13
-41
-24
7
-43
-8
-39
-46
-23
-15
6
-2
7
20
39
51
51
86
89
42
71
62
17
-4
-3
7
75
114
138
161
100
98
89
69
39
-13
11
27
32
55
49
11
4
19
-4
-29
-37
-31
-2
0
-19
-22
-6
-29
-58
-37
-15
-19
-51
-26
-21
-40
-46
-19
18
50
66
22
28
56
16
-3
-59
-33
7
-4
-5
-23
-21
-43
-7
-7
-19
-40
-85
-127
-163
-202
-191
-196
-148
-140
-159
-161
-170
-143
-154
-139
-162
-153
-185
-180
-180
-198
-149
-192
-164
-146
-148
-161
-223
-217
-271
-265
-272
-252
-225
